<?xml version="1.0" encoding="utf-8"?>
<COLLADA xmlns="http://www.collada.org/2005/11/COLLADASchema" version="1.4.1">
  <asset><contributor><author>Mixamo</author><authoring_tool>COLLADA Mixamo exporter</authoring_tool><comments></comments></contributor><created>2016-01-22T15:41:58Z</created><modified>2016-01-22T15:41:58Z</modified><revision></revision><title></title><unit meter="0.010000"/><up_axis>Y_UP</up_axis></asset>
  <library_animations>
    <animation id="free3dmodel_skeleton-anim" name="free3dmodel_skeleton"><source id="free3dmodel_skeleton-Matrix-animation-input"><float_array id="free3dmodel_skeleton-Matrix-animation-input-array" count="66">

0.000000 0.033333 0.066667 0.100000 0.133333 0.166667 0.200000 0.233333 0.266667 0.300000 0.333333 0.366667 0.400000 0.433333 0.466667 0.500000
0.533333 0.566667 0.600000 0.633333 0.666667 0.700000 0.733333 0.766667 0.800000 0.833333 0.866667 0.900000 0.933333 0.966667 1.000000 1.033333
1.066667 1.100000 1.133333 1.166667 1.200000 1.233333 1.266667 1.300000 1.333333 1.366667 1.400000 1.433333 1.466667 1.500000 1.533333 1.566667
1.600000 1.633333 1.666667 1.700000 1.733333 1.766667 1.800000 1.833333 1.866667 1.900000 1.933333 1.966667 2.000000 2.033333 2.066667 2.100000
2.133333 2.166667</float_array><technique_common><accessor source="#free3dmodel_skeleton-Matrix-animation-input-array" count="66"><param name="TIME" type="float"/></accessor></technique_common></source><source id="free3dmodel_skeleton-Matrix-animation-output-transform"><float_array id="free3dmodel_skeleton-Matrix-animation-output-transform-array" count="1056">

99.372090 9.095606 6.515956 -20.815268 -5.934957 -6.518501 99.610669 -1.840057 9.484937 -99.371923 -5.937751 18.218975 0.000000 0.000000 0.000000 1.000000
99.264767 10.294578 6.366143 -19.603197 -5.815517 -5.563435 99.675614 -2.077179 10.615360 -99.312989 -4.923847 14.560335 0.000000 0.000000 0.000000 1.000000
99.104606 11.842252 6.167500 -17.907698 -5.684798 -4.371834 99.742519 -2.170563 12.081393 -99.200041 -3.659481 9.976109 0.000000 0.000000 0.000000 1.000000
98.873222 13.775404 5.858679 -15.517412 -5.519765 -2.829879 99.807434 -2.218384 13.914671 -99.006212 -2.037622 4.025506 0.000000 0.000000 0.000000 1.000000
98.532519 16.193220 5.396512 -12.305731 -5.345550 -0.750556 99.854203 -2.340118 16.210115 -98.677334 0.126075 -4.048035 0.000000 0.000000 0.000000 1.000000
98.020025 19.240933 4.675602 -7.882216 -5.176835 2.110315 99.843612 -2.684174 19.112173 -98.108782 3.064603 -15.227083 0.000000 0.000000 0.000000 1.000000
97.257083 22.991275 3.530030 -1.600690 -5.024315 5.946540 99.696514 -3.404144 22.711585 -97.139281 6.938586 -30.238173 0.000000 0.000000 0.000000 1.000000
96.192260 27.271087 1.826733 6.970770 -4.936683 10.761666 99.296605 -4.686981 26.882676 -95.605828 11.698177 -48.988155 0.000000 0.000000 0.000000 1.000000
94.863595 31.635533 -0.302384 17.168682 -5.131845 16.330287 98.524037 -6.693787 31.217984 -93.447926 17.114984 -70.666351 0.000000 0.000000 0.000000 1.000000
93.426422 35.576504 -2.411658 27.195286 -5.985191 22.312962 97.294960 -9.544342 35.152258 -90.754857 22.975524 -94.452713 0.000000 0.000000 0.000000 1.000000
92.115531 38.707460 -4.057271 35.389938 -7.732258 28.418117 95.564757 -13.225525 38.143690 -87.716265 29.170460 -119.750038 0.000000 0.000000 0.000000 1.000000
91.184425 40.733854 -5.114075 41.367027 -10.162726 34.466001 93.321025 -17.329498 39.775868 -84.574511 35.567295 -145.658936 0.000000 0.000000 0.000000 1.000000
90.844821 41.394771 -5.804429 45.990417 -12.575274 40.308459 90.648170 -21.137604 39.863278 -81.619245 41.823653 -170.478561 0.000000 0.000000 0.000000 1.000000
91.135605 40.663249 -6.387628 50.162071 -14.212986 45.651266 87.829112 -24.316803 38.630204 -79.135720 47.384019 -191.969666 0.000000 0.000000 0.000000 1.000000
91.806399 39.035133 -6.916899 53.975883 -14.809067 49.953778 85.354037 -27.525543 36.773314 -77.336140 51.641503 -207.945587 0.000000 0.000000 0.000000 1.000000
92.431284 37.448834 -7.351357 57.112236 -14.620086 52.539588 83.820312 -31.756088 35.252103 -76.401417 54.038068 -216.306458 0.000000 0.000000 0.000000 1.000000
92.663452 36.781145 -7.786661 59.876614 -13.880649 52.717697 83.834194 -37.166168 34.940124 -76.602819 53.955499 -214.902191 0.000000 0.000000 0.000000 1.000000
92.273028 37.573338 -8.598406 63.889370 -12.401978 50.062684 85.673325 -43.185974 36.494921 -77.986999 50.854192 -202.254013 0.000000 0.000000 0.000000 1.000000
91.048053 40.062650 -10.258468 70.817764 -9.736803 44.875074 88.833678 -48.598068 40.192621 -79.882488 44.758702 -178.443512 0.000000 0.000000 0.000000 1.000000
89.176982 43.323941 -13.057641 81.288483 -4.984704 38.087676 92.328120 -50.930161 44.973532 -81.684546 36.125010 -144.774124 0.000000 0.000000 0.000000 1.000000
87.509617 45.690358 -15.951746 90.889267 1.445616 30.478976 95.230994 -47.141541 48.373311 -83.566879 26.011527 -105.401779 0.000000 0.000000 0.000000 1.000000
87.612363 45.014408 -17.256215 93.171219 7.555803 22.530715 97.135353 -35.053772 47.612853 -86.406423 16.338492 -68.260674 0.000000 0.000000 0.000000 1.000000
90.543544 39.482160 -15.589283 83.471405 10.433724 14.898340 98.331973 -16.365936 41.146131 -90.659795 9.370025 -41.684540 0.000000 0.000000 0.000000 1.000000
95.251193 27.910743 -12.173766 66.071297 10.088023 8.796835 99.100189 5.588837 28.730505 -95.622205 5.563448 -26.866693 0.000000 0.000000 0.000000 1.000000
98.874358 11.789794 -9.212064 49.361702 8.556259 5.953739 99.455233 26.135071 12.274029 -99.123931 4.877956 -23.724804 0.000000 0.000000 0.000000 1.000000
99.584356 -4.345222 -8.004686 39.691395 8.304553 7.226342 99.392225 42.803589 -3.740367 -99.643861 7.557157 -34.301842 0.000000 0.000000 0.000000 1.000000
98.957474 -14.104615 -2.911739 20.692909 4.564405 11.539394 99.227056 60.485626 -13.659597 -98.325491 12.062885 -53.965199 0.000000 0.000000 0.000000 1.000000
98.606161 -16.529361 1.898766 4.838074 0.901457 16.703041 98.591053 75.391907 -16.613623 -97.199736 16.619232 -74.940292 0.000000 0.000000 0.000000 1.000000
98.725674 -14.972386 5.391564 -6.253691 -2.112241 21.251484 97.692952 85.413788 -15.772754 -96.561908 20.664418 -92.566971 0.000000 0.000000 0.000000 1.000000
98.891187 -12.591436 7.873298 -14.131194 -4.503164 25.095330 96.695118 94.589447 -14.151134 -95.977498 24.250057 -107.444138 0.000000 0.000000 0.000000 1.000000
98.985602 -10.792171 9.240110 -18.412109 -5.831622 28.442831 95.692202 103.116272 -12.955415 -95.260351 27.524949 -121.362976 0.000000 0.000000 0.000000 1.000000
99.105257 -9.061272 9.800071 -19.730501 -6.598609 30.560887 94.986792 108.035400 -11.602000 -94.783572 29.689528 -130.460236 0.000000 0.000000 0.000000 1.000000
99.271073 -6.652747 10.049624 -19.523899 -7.576244 30.402214 94.964761 105.849579 -9.373073 -95.033922 29.676576 -129.614105 0.000000 0.000000 0.000000 1.000000
99.416426 -3.335097 10.259210 -18.565052 -8.924424 28.000340 95.584181 97.013489 -6.060439 -95.941952 27.539299 -119.458649 0.000000 0.000000 0.000000 1.000000
99.449599 0.293488 10.473355 -16.748068 -10.223160 24.607981 96.384305 85.760376 -2.294404 -96.924513 24.502542 -105.740196 0.000000 0.000000 0.000000 1.000000
99.399707 3.057799 10.504673 -13.490683 -10.915950 21.267419 97.100664 74.720581 0.735071 -97.664460 21.473540 -91.339531 0.000000 0.000000 0.000000 1.000000
99.340333 4.297931 10.631366 -10.355259 -11.228249 17.626623 97.791761 61.673065 2.329072 -98.340378 17.992928 -72.570686 0.000000 0.000000 0.000000 1.000000
99.292994 3.298515 11.402680 -10.608618 -11.737720 12.972759 98.457775 42.990540 1.768402 -99.100087 13.268212 -46.767258 0.000000 0.000000 0.000000 1.000000
99.188397 -1.207235 12.657190 -15.514872 -12.514820 8.309251 98.865240 20.131989 -2.245254 -99.646871 8.090729 -20.241013 0.000000 0.000000 0.000000 1.000000
98.492040 -9.411018 14.517257 -26.297588 -13.985029 6.091030 98.829744 -2.865967 -10.185136 -99.369674 4.683046 -3.916443 0.000000 0.000000 0.000000 1.000000
96.508524 -19.416763 17.581074 -43.762276 -16.367892 7.697863 98.350572 -23.295685 -20.449865 -97.794336 4.250979 -2.609390 0.000000 0.000000 0.000000 1.000000
93.982044 -27.072266 20.843893 -61.060497 -18.260057 11.764897 97.612281 -38.779816 -28.878119 -95.544124 6.113480 -12.084448 0.000000 0.000000 0.000000 1.000000
92.912422 -29.390499 22.438368 -69.941544 -18.513202 15.554242 97.032608 -46.870178 -32.008485 -94.309406 9.010701 -26.408951 0.000000 0.000000 0.000000 1.000000
93.571584 -27.845938 21.655542 -69.177757 -17.234362 17.476906 96.940882 -48.880341 -30.778816 -94.441313 11.554348 -40.053982 0.000000 0.000000 0.000000 1.000000
94.371623 -26.288304 20.072911 -65.416885 -15.686104 17.857499 97.134216 -46.663544 -29.119458 -94.815794 12.728801 -48.374825 0.000000 0.000000 0.000000 1.000000
94.460974 -26.591877 19.235291 -64.019165 -14.758361 17.932037 97.265784 -40.753815 -29.314077 -94.717021 13.014252 -52.806839 0.000000 0.000000 0.000000 1.000000
94.447234 -26.973937 18.765039 -63.215664 -14.123022 18.240215 97.302799 -32.736816 -29.669179 -94.549994 13.417844 -57.008202 0.000000 0.000000 0.000000 1.000000
95.271672 -24.700673 17.697043 -59.255226 -13.355623 18.273417 97.404874 -24.381104 -27.293514 -95.162803 14.110461 -61.547050 0.000000 0.000000 0.000000 1.000000
96.759111 -19.702081 15.795647 -51.620781 -12.447903 17.210129 97.718275 -17.270294 -21.970985 -96.517560 14.199872 -63.041199 0.000000 0.000000 0.000000 1.000000
97.955348 -14.643121 13.795975 -43.717350 -11.607399 14.874702 98.203928 -12.430481 -16.432230 -97.797353 12.870881 -58.595818 0.000000 0.000000 0.000000 1.000000
98.534211 -11.749199 12.367924 -38.420040 -10.963940 11.926861 98.678985 -9.811554 -13.069095 -98.588571 10.463864 -49.929985 0.000000 0.000000 0.000000 1.000000
98.768181 -10.649712 11.464294 -35.338120 -10.515437 9.081818 99.030027 -8.699921 -11.587579 -99.015677 7.850083 -40.585209 0.000000 0.000000 0.000000 1.000000
98.965933 -9.449784 10.791002 -32.928375 -10.198468 6.544811 99.263068 -8.264282 -10.086396 -99.337138 5.513400 -32.264606 0.000000 0.000000 0.000000 1.000000
99.242172 -6.971840 10.118538 -30.307184 -9.843347 4.184575 99.426344 -7.951111 -7.355264 -99.668866 3.466601 -24.787422 0.000000 0.000000 0.000000 1.000000
99.490248 -3.639094 9.404660 -27.617445 -9.338734 1.941437 99.544055 -7.608521 -3.805087 -99.914903 1.591696 -17.645588 0.000000 0.000000 0.000000 1.000000
99.613112 -0.558383 8.770185 -25.416563 -8.770783 -0.083426 99.614589 -7.207031 -0.548915 -99.998406 -0.132077 -10.878074 0.000000 0.000000 0.000000 1.000000
99.638888 1.738500 8.310815 -23.912094 -8.279736 -1.789283 99.640576 -6.597229 1.880955 -99.968876 -1.638879 -4.819106 0.000000 0.000000 0.000000 1.000000
99.617996 3.514842 7.993797 -22.890743 -7.884353 -3.149497 99.638936 -5.634979 3.753916 -99.888571 -2.860343 0.340919 0.000000 0.000000 0.000000 1.000000
99.567977 5.177399 7.707945 -22.010319 -7.495967 -4.171019 99.631386 -4.430389 5.479814 -99.778741 -3.764903 4.562380 0.000000 0.000000 0.000000 1.000000
99.497716 6.766674 7.376770 -21.052279 -7.054489 -4.884367 99.631206 -3.314819 7.102027 -99.651167 -4.382479 7.884230 0.000000 0.000000 0.000000 1.000000
99.426056 8.071126 7.022561 -20.064987 -6.601578 -5.369747 99.637267 -2.561096 8.418943 -99.529004 -4.806106 10.469942 0.000000 0.000000 0.000000 1.000000
99.369599 8.962853 6.734247 -19.338276 -6.236190 -5.725768 99.640983 -2.190582 9.316262 -99.432806 -5.130732 12.552944 0.000000 0.000000 0.000000 1.000000
99.333808 9.467002 6.570418 -19.133585 -6.018080 -6.006506 99.637867 -2.056854 9.827371 -99.369501 -5.396759 14.293770 0.000000 0.000000 0.000000 1.000000
99.321395 9.632912 6.516704 -19.463760 -5.933684 -6.219958 99.629832 -2.001404 10.002590 -99.340420 -5.606163 15.758580 0.000000 0.000000 0.000000 1.000000
99.335586 9.488561 6.512183 -20.098768 -5.921536 -6.379010 99.620498 -1.939972 9.867964 -99.344227 -5.774758 17.027731 0.000000 0.000000 0.000000 1.000000
99.372091 9.095606 6.515939 -20.815229 -5.934940 -6.518500 99.610670 -1.840271 9.484936 -99.371923 -5.937751 18.218975 0.000000 0.000000 0.000000 1.000000</float_array><technique_common><accessor source="#free3dmodel_skeleton-Matrix-animation-output-transform-array" count="66" stride="16"><param type="float4x4"/></accessor></technique_common></source><source id="free3dmodel_skeleton-Interpolations"><Name_array id="free3dmodel_skeleton-Interpolations-array" count="66">
 LINEAR LINEAR LINEAR LINEAR LINEAR LINEAR LINEAR LINEAR LINEAR LINEAR LINEAR
LINEAR LINEAR LINEAR LINEAR LINEAR LINEAR LINEAR LINEAR LINEAR LINEAR LINEAR LINEAR
LINEAR LINEAR LINEAR LINEAR LINEAR LINEAR LINEAR LINEAR LINEAR LINEAR LINEAR LINEAR
LINEAR LINEAR LINEAR LINEAR LINEAR LINEAR LINEAR LINEAR LINEAR LINEAR LINEAR LINEAR
LINEAR LINEAR LINEAR LINEAR LINEAR LINEAR LINEAR LINEAR LINEAR LINEAR LINEAR LINEAR
LINEAR LINEAR LINEAR LINEAR LINEAR LINEAR LINEAR</Name_array><technique_common><accessor source="#free3dmodel_skeleton-Interpolations-array" count="66"><param type="name"/></accessor></technique_common></source><sampler id="free3dmodel_skeleton-Matrix-animation-transform"><input semantic="INPUT" source="#free3dmodel_skeleton-Matrix-animation-input"/><input semantic="OUTPUT" source="#free3dmodel_skeleton-Matrix-animation-output-transform"/><input semantic="INTERPOLATION" source="#free3dmodel_skeleton-Interpolations"/></sampler><channel source="#free3dmodel_skeleton-Matrix-animation-transform" target="free3dmodel_skeleton/matrix"/></animation>
    <animation id="hips-anim" name="hips"><source id="hips-Matrix-animation-input"><float_array id="hips-Matrix-animation-input-array" count="66">

0.000000 0.033333 0.066667 0.100000 0.133333 0.166667 0.200000 0.233333 0.266667 0.300000 0.333333 0.366667 0.400000 0.433333 0.466667 0.500000
0.533333 0.566667 0.600000 0.633333 0.666667 0.700000 0.733333 0.766667 0.800000 0.833333 0.866667 0.900000 0.933333 0.966667 1.000000 1.033333
1.066667 1.100000 1.133333 1.166667 1.200000 1.233333 1.266667 1.300000 1.333333 1.366667 1.400000 1.433333 1.466667 1.500000 1.533333 1.566667
1.600000 1.633333 1.666667 1.700000 1.733333 1.766667 1.800000 1.833333 1.866667 1.900000 1.933333 1.966667 2.000000 2.033333 2.066667 2.100000
2.133333 2.166667</float_array><technique_common><accessor source="#hips-Matrix-animation-input-array" count="66"><param name="TIME" type="float"/></accessor></technique_common></source><source id="hips-Matrix-animation-output-transform"><float_array id="hips-Matrix-animation-output-transform-array" count="1056">

1.000000 -0.000000 -0.000000 -0.000000 -0.000000 0.000234 -1.000000 0.052000 0.000000 1.000000 0.000234 3.016600 0.000000 0.000000 0.000000 1.000000
1.000000 0.000000 -0.000000 -0.000000 0.000000 0.000234 -1.000000 0.052000 -0.000000 1.000000 0.000234 3.016600 0.000000 0.000000 0.000000 1.000000
1.000000 -0.000000 -0.000000 -0.000000 0.000000 0.000234 -1.000000 0.052000 0.000000 1.000000 0.000234 3.016600 0.000000 0.000000 0.000000 1.000000
1.000000 -0.000000 -0.000000 -0.000000 -0.000000 0.000234 -1.000000 0.052000 -0.000000 1.000000 0.000234 3.016600 0.000000 0.000000 0.000000 1.000000
1.000000 -0.000000 -0.000000 0.000000 -0.000000 0.000234 -1.000000 0.052000 0.000000 1.000000 0.000234 3.016600 0.000000 0.000000 0.000000 1.000000
1.000000 -0.000000 0.000000 0.000000 0.000000 0.000234 -1.000000 0.052000 0.000000 1.000000 0.000234 3.016600 0.000000 0.000000 0.000000 1.000000
1.000000 -0.000000 0.000000 -0.000000 -0.000000 0.000234 -1.000000 0.052000 0.000000 1.000000 0.000234 3.016600 0.000000 0.000000 0.000000 1.000000
1.000000 -0.000000 -0.000000 0.000000 0.000000 0.000234 -1.000000 0.052000 -0.000000 1.000000 0.000234 3.016600 0.000000 0.000000 0.000000 1.000000
1.000000 -0.000000 -0.000000 -0.000000 -0.000000 0.000234 -1.000000 0.052000 -0.000000 1.000000 0.000234 3.016600 0.000000 0.000000 0.000000 1.000000
1.000000 -0.000000 -0.000000 -0.000000 0.000000 0.000234 -1.000000 0.052000 0.000000 1.000000 0.000234 3.016600 0.000000 0.000000 0.000000 1.000000
1.000000 -0.000000 0.000000 0.000000 -0.000000 0.000234 -1.000000 0.052000 0.000000 1.000000 0.000234 3.016600 0.000000 0.000000 0.000000 1.000000
1.000000 -0.000000 0.000000 0.000000 0.000000 0.000234 -1.000000 0.052000 -0.000000 1.000000 0.000234 3.016600 0.000000 0.000000 0.000000 1.000000
1.000000 -0.000000 -0.000000 0.000000 -0.000000 0.000234 -1.000000 0.052000 -0.000000 1.000000 0.000234 3.016600 0.000000 0.000000 0.000000 1.000000
1.000000 -0.000000 0.000000 0.000000 -0.000000 0.000234 -1.000000 0.052000 0.000000 1.000000 0.000234 3.016600 0.000000 0.000000 0.000000 1.000000
1.000000 -0.000000 0.000000 0.000000 0.000000 0.000234 -1.000000 0.052000 0.000000 1.000000 0.000234 3.016600 0.000000 0.000000 0.000000 1.000000
1.000000 0.000000 -0.000000 0.000000 0.000000 0.000234 -1.000000 0.052000 -0.000000 1.000000 0.000234 3.016600 0.000000 0.000000 0.000000 1.000000
1.000000 0.000000 0.000000 -0.000000 0.000000 0.000234 -1.000000 0.052000 -0.000000 1.000000 0.000234 3.016600 0.000000 0.000000 0.000000 1.000000
1.000000 0.000000 -0.000000 0.000000 0.000000 0.000234 -1.000000 0.052000 0.000000 1.000000 0.000234 3.016600 0.000000 0.000000 0.000000 1.000000
1.000000 -0.000000 -0.000000 0.000000 0.000000 0.000234 -1.000000 0.052000 0.000000 1.000000 0.000234 3.016600 0.000000 0.000000 0.000000 1.000000
1.000000 0.000000 0.000000 0.000000 -0.000000 0.000234 -1.000000 0.052000 0.000000 1.000000 0.000234 3.016600 0.000000 0.000000 0.000000 1.000000
1.000000 -0.000000 0.000000 0.000000 -0.000000 0.000234 -1.000000 0.052000 0.000000 1.000000 0.000234 3.016600 0.000000 0.000000 0.000000 1.000000
1.000000 -0.000000 -0.000000 -0.000000 0.000000 0.000234 -1.000000 0.052000 0.000000 1.000000 0.000234 3.016600 0.000000 0.000000 0.000000 1.000000
1.000000 0.000000 -0.000000 0.000000 0.000000 0.000234 -1.000000 0.052000 -0.000000 1.000000 0.000234 3.016600 0.000000 0.000000 0.000000 1.000000
1.000000 -0.000000 0.000000 0.000000 0.000000 0.000234 -1.000000 0.052000 0.000000 1.000000 0.000234 3.016600 0.000000 0.000000 0.000000 1.000000
1.000000 0.000000 0.000000 0.000000 0.000000 0.000234 -1.000000 0.052000 -0.000000 1.000000 0.000234 3.016600 0.000000 0.000000 0.000000 1.000000
1.000000 -0.000000 -0.000000 0.000000 -0.000000 0.000234 -1.000000 0.052000 -0.000000 1.000000 0.000234 3.016600 0.000000 0.000000 0.000000 1.000000
1.000000 -0.000000 0.000000 0.000000 -0.000000 0.000234 -1.000000 0.052000 0.000000 1.000000 0.000234 3.016600 0.000000 0.000000 0.000000 1.000000
1.000000 -0.000000 -0.000000 0.000000 -0.000000 0.000234 -1.000000 0.052000 0.000000 1.000000 0.000234 3.016600 0.000000 0.000000 0.000000 1.000000
1.000000 -0.000000 0.000000 0.000000 -0.000000 0.000234 -1.000000 0.052000 -0.000000 1.000000 0.000234 3.016600 0.000000 0.000000 0.000000 1.000000
1.000000 0.000000 0.000000 0.000000 0.000000 0.000234 -1.000000 0.052000 -0.000000 1.000000 0.000234 3.016600 0.000000 0.000000 0.000000 1.000000
1.000000 0.000000 0.000000 0.000000 -0.000000 0.000234 -1.000000 0.052000 -0.000000 1.000000 0.000234 3.016600 0.000000 0.000000 0.000000 1.000000
1.000000 0.000000 -0.000000 0.000000 -0.000000 0.000234 -1.000000 0.052000 -0.000000 1.000000 0.000234 3.016600 0.000000 0.000000 0.000000 1.000000
1.000000 0.000000 0.000000 -0.000000 -0.000000 0.000234 -1.000000 0.052000 -0.000000 1.000000 0.000234 3.016600 0.000000 0.000000 0.000000 1.000000
1.000000 0.000000 0.000000 0.000000 0.000000 0.000234 -1.000000 0.052000 0.000000 1.000000 0.000234 3.016600 0.000000 0.000000 0.000000 1.000000
1.000000 0.000000 0.000000 -0.000000 0.000000 0.000234 -1.000000 0.052000 -0.000000 1.000000 0.000234 3.016600 0.000000 0.000000 0.000000 1.000000
1.000000 0.000000 -0.000000 0.000000 0.000000 0.000234 -1.000000 0.052000 0.000000 1.000000 0.000234 3.016600 0.000000 0.000000 0.000000 1.000000
1.000000 -0.000000 -0.000000 -0.000000 -0.000000 0.000234 -1.000000 0.052000 0.000000 1.000000 0.000234 3.016600 0.000000 0.000000 0.000000 1.000000
1.000000 0.000000 -0.000000 -0.000000 0.000000 0.000234 -1.000000 0.052000 0.000000 1.000000 0.000234 3.016600 0.000000 0.000000 0.000000 1.000000
1.000000 -0.000000 0.000000 0.000000 0.000000 0.000234 -1.000000 0.052000 -0.000000 1.000000 0.000234 3.016600 0.000000 0.000000 0.000000 1.000000
1.000000 0.000000 0.000000 0.000000 -0.000000 0.000234 -1.000000 0.052000 -0.000000 1.000000 0.000234 3.016600 0.000000 0.000000 0.000000 1.000000
1.000000 0.000000 -0.000000 0.000000 -0.000000 0.000234 -1.000000 0.052000 -0.000000 1.000000 0.000234 3.016600 0.000000 0.000000 0.000000 1.000000
1.000000 0.000000 -0.000000 0.000000 -0.000000 0.000234 -1.000000 0.052000 -0.000000 1.000000 0.000234 3.016600 0.000000 0.000000 0.000000 1.000000
1.000000 -0.000000 -0.000000 -0.000000 -0.000000 0.000234 -1.000000 0.052000 -0.000000 1.000000 0.000234 3.016600 0.000000 0.000000 0.000000 1.000000
1.000000 0.000000 0.000000 0.000000 0.000000 0.000234 -1.000000 0.052000 -0.000000 1.000000 0.000234 3.016600 0.000000 0.000000 0.000000 1.000000
1.000000 0.000000 0.000000 0.000000 -0.000000 0.000234 -1.000000 0.052000 -0.000000 1.000000 0.000234 3.016600 0.000000 0.000000 0.000000 1.000000
1.000000 0.000000 0.000000 0.000000 0.000000 0.000234 -1.000000 0.052000 0.000000 1.000000 0.000234 3.016600 0.000000 0.000000 0.000000 1.000000
1.000000 0.000000 0.000000 0.000000 0.000000 0.000234 -1.000000 0.052000 -0.000000 1.000000 0.000234 3.016600 0.000000 0.000000 0.000000 1.000000
1.000000 -0.000000 -0.000000 -0.000000 0.000000 0.000234 -1.000000 0.052000 -0.000000 1.000000 0.000234 3.016600 0.000000 0.000000 0.000000 1.000000
1.000000 -0.000000 0.000000 -0.000000 -0.000000 0.000234 -1.000000 0.052000 -0.000000 1.000000 0.000234 3.016600 0.000000 0.000000 0.000000 1.000000
1.000000 0.000000 0.000000 0.000000 0.000000 0.000234 -1.000000 0.052000 -0.000000 1.000000 0.000234 3.016600 0.000000 0.000000 0.000000 1.000000
1.000000 0.000000 -0.000000 0.000000 0.000000 0.000234 -1.000000 0.052000 -0.000000 1.000000 0.000234 3.016600 0.000000 0.000000 0.000000 1.000000
1.000000 -0.000000 0.000000 0.000000 -0.000000 0.000234 -1.000000 0.052000 0.000000 1.000000 0.000234 3.016600 0.000000 0.000000 0.000000 1.000000
1.000000 0.000000 -0.000000 0.000000 0.000000 0.000234 -1.000000 0.052000 -0.000000 1.000000 0.000234 3.016600 0.000000 0.000000 0.000000 1.000000
1.000000 0.000000 0.000000 0.000000 -0.000000 0.000234 -1.000000 0.052000 -0.000000 1.000000 0.000234 3.016600 0.000000 0.000000 0.000000 1.000000
1.000000 -0.000000 0.000000 0.000000 0.000000 0.000234 -1.000000 0.052000 0.000000 1.000000 0.000234 3.016600 0.000000 0.000000 0.000000 1.000000
1.000000 -0.000000 -0.000000 -0.000000 0.000000 0.000234 -1.000000 0.052000 -0.000000 1.000000 0.000234 3.016600 0.000000 0.000000 0.000000 1.000000
1.000000 -0.000000 -0.000000 -0.000000 -0.000000 0.000234 -1.000000 0.052000 0.000000 1.000000 0.000234 3.016600 0.000000 0.000000 0.000000 1.000000
1.000000 0.000000 -0.000000 -0.000000 0.000000 0.000234 -1.000000 0.052000 -0.000000 1.000000 0.000234 3.016600 0.000000 0.000000 0.000000 1.000000
1.000000 -0.000000 0.000000 0.000000 0.000000 0.000234 -1.000000 0.052000 0.000000 1.000000 0.000234 3.016600 0.000000 0.000000 0.000000 1.000000
1.000000 0.000000 0.000000 -0.000000 0.000000 0.000234 -1.000000 0.052000 -0.000000 1.000000 0.000234 3.016600 0.000000 0.000000 0.000000 1.000000
1.000000 0.000000 -0.000000 0.000000 0.000000 0.000234 -1.000000 0.052000 -0.000000 1.000000 0.000234 3.016600 0.000000 0.000000 0.000000 1.000000
1.000000 0.000000 -0.000000 0.000000 -0.000000 0.000234 -1.000000 0.052000 0.000000 1.000000 0.000234 3.016600 0.000000 0.000000 0.000000 1.000000
1.000000 -0.000000 -0.000000 0.000000 -0.000000 0.000234 -1.000000 0.052000 -0.000000 1.000000 0.000234 3.016600 0.000000 0.000000 0.000000 1.000000
1.000000 -0.000000 -0.000000 0.000000 0.000000 0.000234 -1.000000 0.052000 0.000000 1.000000 0.000234 3.016600 0.000000 0.000000 0.000000 1.000000
1.000000 -0.000000 -0.000000 -0.000000 -0.000000 0.000234 -1.000000 0.052000 -0.000000 1.000000 0.000234 3.016600 0.000000 0.000000 0.000000 1.000000
1.000000 -0.000000 -0.000000 -0.000000 0.000000 0.000234 -1.000000 0.052000 0.000000 1.000000 0.000234 3.016600 0.000000 0.000000 0.000000 1.000000</float_array><technique_common><accessor source="#hips-Matrix-animation-output-transform-array" count="66" stride="16"><param type="float4x4"/></accessor></technique_common></source><source id="hips-Interpolations"><Name_array id="hips-Interpolations-array" count="66">
 LINEAR LINEAR LINEAR LINEAR LINEAR LINEAR LINEAR LINEAR LINEAR LINEAR LINEAR
LINEAR LINEAR LINEAR LINEAR LINEAR LINEAR LINEAR LINEAR LINEAR LINEAR LINEAR LINEAR
LINEAR LINEAR LINEAR LINEAR LINEAR LINEAR LINEAR LINEAR LINEAR LINEAR LINEAR LINEAR
LINEAR LINEAR LINEAR LINEAR LINEAR LINEAR LINEAR LINEAR LINEAR LINEAR LINEAR LINEAR
LINEAR LINEAR LINEAR LINEAR LINEAR LINEAR LINEAR LINEAR LINEAR LINEAR LINEAR LINEAR
LINEAR LINEAR LINEAR LINEAR LINEAR LINEAR LINEAR</Name_array><technique_common><accessor source="#hips-Interpolations-array" count="66"><param type="name"/></accessor></technique_common></source><sampler id="hips-Matrix-animation-transform"><input semantic="INPUT" source="#hips-Matrix-animation-input"/><input semantic="OUTPUT" source="#hips-Matrix-animation-output-transform"/><input semantic="INTERPOLATION" source="#hips-Interpolations"/></sampler><channel source="#hips-Matrix-animation-transform" target="hips/matrix"/></animation>
    <animation id="abdomen-anim" name="abdomen"><source id="abdomen-Matrix-animation-input"><float_array id="abdomen-Matrix-animation-input-array" count="66">

0.000000 0.033333 0.066667 0.100000 0.133333 0.166667 0.200000 0.233333 0.266667 0.300000 0.333333 0.366667 0.400000 0.433333 0.466667 0.500000
0.533333 0.566667 0.600000 0.633333 0.666667 0.700000 0.733333 0.766667 0.800000 0.833333 0.866667 0.900000 0.933333 0.966667 1.000000 1.033333
1.066667 1.100000 1.133333 1.166667 1.200000 1.233333 1.266667 1.300000 1.333333 1.366667 1.400000 1.433333 1.466667 1.500000 1.533333 1.566667
1.600000 1.633333 1.666667 1.700000 1.733333 1.766667 1.800000 1.833333 1.866667 1.900000 1.933333 1.966667 2.000000 2.033333 2.066667 2.100000
2.133333 2.166667</float_array><technique_common><accessor source="#abdomen-Matrix-animation-input-array" count="66"><param name="TIME" type="float"/></accessor></technique_common></source><source id="abdomen-Matrix-animation-output-transform"><float_array id="abdomen-Matrix-animation-output-transform-array" count="1056">

0.998508 -0.047212 0.027444 0.000000 0.049004 0.996429 -0.068755 0.491500 -0.024099 0.069997 0.997256 -0.000000 0.000000 0.000000 0.000000 1.000000
0.998347 -0.048216 0.031269 -0.000000 0.050302 0.996293 -0.069788 0.491500 -0.027789 0.071245 0.997072 0.000000 0.000000 0.000000 0.000000 1.000000
0.998205 -0.049667 0.033465 -0.000000 0.051978 0.996041 -0.072122 0.491500 -0.029750 0.073732 0.996834 0.000000 0.000000 0.000000 0.000000 1.000000
0.998135 -0.051119 0.033377 0.000000 0.053521 0.995705 -0.075549 0.491500 -0.029371 0.077194 0.996583 0.000000 0.000000 0.000000 0.000000 1.000000
0.998158 -0.052028 0.031195 0.000000 0.054366 0.995353 -0.079482 0.491500 -0.026915 0.081031 0.996348 -0.000000 0.000000 0.000000 0.000000 1.000000
0.998296 -0.051229 0.027932 -0.000000 0.053396 0.995091 -0.083329 0.491500 -0.023526 0.084678 0.996131 0.000000 0.000000 0.000000 0.000000 1.000000
0.998592 -0.047192 0.024244 -0.000000 0.049140 0.994970 -0.087290 0.491500 -0.020003 0.088359 0.995888 0.000000 0.000000 0.000000 0.000000 1.000000
0.999058 -0.038873 0.019268 0.000000 0.040499 0.994859 -0.092815 0.491500 -0.015561 0.093507 0.995497 0.000000 0.000000 0.000000 0.000000 1.000000
0.999567 -0.027455 0.010581 0.000000 0.028394 0.994367 -0.102119 0.491500 -0.007718 0.102375 0.994716 -0.000000 0.000000 0.000000 0.000000 1.000000
0.999846 -0.017066 -0.004185 0.000000 0.016460 0.993015 -0.116833 0.491500 0.006150 0.116746 0.993143 0.000000 0.000000 0.000000 0.000000 1.000000
0.999612 -0.012472 -0.024890 0.000000 0.008959 0.990590 -0.136568 0.491500 0.026359 0.136292 0.990318 0.000000 0.000000 0.000000 0.000000 1.000000
0.998757 -0.015790 -0.047287 -0.000000 0.008113 0.987352 -0.158335 0.491500 0.049189 0.157755 0.986252 0.000000 0.000000 0.000000 0.000000 1.000000
0.997604 -0.024804 -0.064588 -0.000000 0.012970 0.984023 -0.177571 0.491500 0.067961 0.176308 0.981986 -0.000000 0.000000 0.000000 0.000000 1.000000
0.996783 -0.034626 -0.072278 -0.000000 0.020262 0.981433 -0.190734 0.491500 0.077540 0.188656 0.978977 0.000000 0.000000 0.000000 0.000000 1.000000
0.996552 -0.041776 -0.071690 0.000000 0.026873 0.979938 -0.197483 0.491500 0.078502 0.194875 0.977681 0.000000 0.000000 0.000000 0.000000 1.000000
0.996572 -0.046656 -0.068322 0.000000 0.032145 0.979296 -0.199864 0.491500 0.076232 0.196983 0.977439 0.000000 0.000000 0.000000 0.000000 1.000000
0.996456 -0.052321 -0.065869 0.000000 0.038246 0.979208 -0.199222 0.491500 0.074923 0.195997 0.977738 -0.000000 0.000000 0.000000 0.000000 1.000000
0.996212 -0.059421 -0.063491 -0.000000 0.046037 0.979794 -0.194637 0.491500 0.073773 0.190977 0.978818 0.000000 0.000000 0.000000 0.000000 1.000000
0.996412 -0.063718 -0.055704 -0.000000 0.052442 0.981422 -0.184554 0.491500 0.066429 0.180970 0.981243 0.000000 0.000000 0.000000 0.000000 1.000000
0.997691 -0.055796 -0.038720 0.000000 0.048503 0.984451 -0.168828 0.491500 0.047538 0.166560 0.984885 0.000000 0.000000 0.000000 0.000000 1.000000
0.999378 -0.034139 -0.008861 0.000000 0.032421 0.988098 -0.150370 0.491500 0.013889 0.149989 0.988590 0.000000 0.000000 0.000000 0.000000 1.000000
0.999613 -0.005633 0.027246 -0.000000 0.009235 0.990946 -0.133946 0.491500 -0.026245 0.134146 0.990614 -0.000000 0.000000 0.000000 0.000000 1.000000
0.998335 0.019115 0.054428 0.000000 -0.012327 0.992402 -0.122417 0.491500 -0.056354 0.121542 0.990985 0.000000 0.000000 0.000000 0.000000 1.000000
0.997617 0.043568 0.053498 0.000000 -0.037114 0.992529 -0.116225 0.491500 -0.058162 0.113963 0.991781 0.000000 0.000000 0.000000 0.000000 1.000000
0.997091 0.073203 0.021252 -0.000000 -0.070207 0.990535 -0.117943 0.491500 -0.029685 0.116108 0.992793 0.000000 0.000000 0.000000 0.000000 1.000000
0.994375 0.102952 -0.024892 0.000000 -0.105353 0.985622 -0.132102 0.491500 0.010934 0.133981 0.990924 0.000000 0.000000 0.000000 0.000000 1.000000
0.993004 0.103039 -0.057673 0.000000 -0.111098 0.980734 -0.160682 0.491500 0.040005 0.165965 0.985320 0.000000 0.000000 0.000000 0.000000 1.000000
0.994364 0.079084 -0.070617 0.000000 -0.091735 0.975684 -0.199059 0.491500 0.053158 0.204415 0.977440 -0.000000 0.000000 0.000000 0.000000 1.000000
0.996155 0.050351 -0.071699 0.000000 -0.065936 0.969733 -0.235096 0.491500 0.057691 0.238920 0.969324 0.000000 0.000000 0.000000 0.000000 1.000000
0.997571 0.028984 -0.063349 -0.000000 -0.044352 0.965474 -0.256696 0.491500 0.053721 0.258882 0.964414 0.000000 0.000000 0.000000 0.000000 1.000000
0.998876 0.017036 -0.044229 -0.000000 -0.027978 0.965174 -0.260109 0.491500 0.038257 0.261054 0.964566 -0.000000 0.000000 0.000000 0.000000 1.000000
0.999833 0.010708 -0.014810 0.000000 -0.014088 0.967778 -0.251412 0.491500 0.011640 0.251579 0.967767 0.000000 0.000000 0.000000 0.000000 1.000000
0.999803 0.004915 0.019241 0.000000 -0.000154 0.970771 -0.240009 0.491500 -0.019859 0.239959 0.970580 0.000000 0.000000 0.000000 0.000000 1.000000
0.998666 -0.005363 0.051359 0.000000 0.017051 0.973055 -0.229941 0.491500 -0.048742 0.230510 0.971848 0.000000 0.000000 0.000000 0.000000 1.000000
0.996900 -0.022266 0.075465 0.000000 0.038278 0.975215 -0.217922 0.491500 -0.068743 0.220135 0.973044 0.000000 0.000000 0.000000 0.000000 1.000000
0.995062 -0.043741 0.089097 0.000000 0.060866 0.977978 -0.199634 0.491500 -0.078403 0.204071 0.975811 0.000000 0.000000 0.000000 0.000000 1.000000
0.993122 -0.064437 0.097756 -0.000000 0.080947 0.981121 -0.175639 0.491500 -0.084593 0.182344 0.979589 -0.000000 0.000000 0.000000 0.000000 1.000000
0.991636 -0.074676 0.105270 0.000000 0.090231 0.984295 -0.151727 0.491500 -0.092286 0.159957 0.982801 -0.000000 0.000000 0.000000 0.000000 1.000000
0.991974 -0.068495 0.106281 0.000000 0.082566 0.987507 -0.134215 0.491500 -0.095761 0.141913 0.985236 0.000000 0.000000 0.000000 0.000000 1.000000
0.993817 -0.055119 0.096388 0.000000 0.067096 0.989783 -0.125805 0.491500 -0.088469 0.131494 0.987361 0.000000 0.000000 0.000000 0.000000 1.000000
0.995590 -0.045089 0.082264 -0.000000 0.055268 0.990491 -0.125990 0.491500 -0.075801 0.129981 0.988615 0.000000 0.000000 0.000000 0.000000 1.000000
0.996280 -0.037449 0.077607 -0.000000 0.047451 0.990202 -0.131334 0.491500 -0.071928 0.134528 0.988296 0.000000 0.000000 0.000000 0.000000 1.000000
0.995629 -0.031064 0.088076 0.000000 0.042998 0.989635 -0.137017 0.491500 -0.082907 0.140205 0.986645 0.000000 0.000000 0.000000 0.000000 1.000000
0.994427 -0.022729 0.102950 0.000000 0.037139 0.989412 -0.140303 0.491500 -0.098671 0.143345 0.984742 -0.000000 0.000000 0.000000 0.000000 1.000000
0.994148 -0.017690 0.106569 0.000000 0.032636 0.989589 -0.140176 0.491500 -0.102979 0.142834 0.984375 0.000000 0.000000 0.000000 0.000000 1.000000
0.995146 -0.022242 0.095863 0.000000 0.035259 0.990037 -0.136319 0.491500 -0.091876 0.139038 0.986016 0.000000 0.000000 0.000000 0.000000 1.000000
0.996142 -0.030891 0.082140 0.000000 0.041384 0.990744 -0.129278 0.491500 -0.077386 0.132179 0.988200 -0.000000 0.000000 0.000000 0.000000 1.000000
0.996302 -0.035025 0.078462 0.000000 0.044326 0.991768 -0.120133 0.491500 -0.073609 0.123167 0.989652 0.000000 0.000000 0.000000 0.000000 1.000000
0.995800 -0.032914 0.085431 0.000000 0.042266 0.993024 -0.110081 0.491500 -0.081211 0.113229 0.990244 0.000000 0.000000 0.000000 0.000000 1.000000
0.995320 -0.029249 0.092100 -0.000000 0.038471 0.994243 -0.100000 0.491500 -0.088645 0.103076 0.990716 0.000000 0.000000 0.000000 0.000000 1.000000
0.995624 -0.028215 0.089089 -0.000000 0.036303 0.995233 -0.090512 0.491500 -0.086111 0.093350 0.991903 0.000000 0.000000 0.000000 0.000000 1.000000
0.996508 -0.030405 0.077766 -0.000000 0.036829 0.995906 -0.082546 0.491500 -0.074938 0.085122 0.993548 0.000000 0.000000 0.000000 0.000000 1.000000
0.997173 -0.034573 0.066711 0.000000 0.039724 0.996200 -0.077509 0.491500 -0.063778 0.079940 0.994757 0.000000 0.000000 0.000000 0.000000 1.000000
0.997314 -0.039294 0.061819 0.000000 0.043971 0.996121 -0.076220 0.491500 -0.058585 0.078734 0.995173 0.000000 0.000000 0.000000 0.000000 1.000000
0.997163 -0.043354 0.061535 0.000000 0.048101 0.995802 -0.077882 0.491500 -0.057900 0.080621 0.995062 0.000000 0.000000 0.000000 0.000000 1.000000
0.997089 -0.046133 0.060705 -0.000000 0.050964 0.995442 -0.080605 0.491500 -0.056710 0.083464 0.994896 0.000000 0.000000 0.000000 0.000000 1.000000
0.997243 -0.047812 0.056745 0.000000 0.052419 0.995197 -0.082680 0.491500 -0.052519 0.085427 0.994959 0.000000 0.000000 0.000000 0.000000 1.000000
0.997496 -0.048809 0.051173 0.000000 0.052955 0.995135 -0.083074 0.491500 -0.046869 0.085576 0.995229 0.000000 0.000000 0.000000 0.000000 1.000000
0.997701 -0.049215 0.046580 0.000000 0.052893 0.995282 -0.081334 0.491500 -0.042358 0.083610 0.995598 0.000000 0.000000 0.000000 0.000000 1.000000
0.997838 -0.049011 0.043793 0.000000 0.052316 0.995595 -0.077809 0.491500 -0.039786 0.079932 0.996006 0.000000 0.000000 0.000000 0.000000 1.000000
0.997945 -0.048454 0.041926 0.000000 0.051460 0.995939 -0.073871 0.491500 -0.038176 0.075877 0.996386 0.000000 0.000000 0.000000 0.000000 1.000000
0.998046 -0.048073 0.039910 0.000000 0.050828 0.996170 -0.071151 0.491500 -0.036337 0.073041 0.996667 0.000000 0.000000 0.000000 0.000000 1.000000
0.998147 -0.048090 0.037282 0.000000 0.050621 0.996246 -0.070222 0.491500 -0.033766 0.071979 0.996834 0.000000 0.000000 0.000000 0.000000 1.000000
0.998255 -0.048209 0.034096 0.000000 0.050511 0.996251 -0.070238 0.491500 -0.030582 0.071837 0.996947 -0.000000 0.000000 0.000000 0.000000 1.000000
0.998378 -0.047961 0.030680 0.000000 0.050011 0.996295 -0.069965 0.491500 -0.027211 0.071386 0.997078 0.000000 0.000000 0.000000 0.000000 1.000000
0.998508 -0.047212 0.027443 -0.000000 0.049004 0.996429 -0.068755 0.491500 -0.024099 0.069997 0.997256 0.000000 0.000000 0.000000 0.000000 1.000000</float_array><technique_common><accessor source="#abdomen-Matrix-animation-output-transform-array" count="66" stride="16"><param type="float4x4"/></accessor></technique_common></source><source id="abdomen-Interpolations"><Name_array id="abdomen-Interpolations-array" count="66">
 LINEAR LINEAR LINEAR LINEAR LINEAR LINEAR LINEAR LINEAR LINEAR LINEAR LINEAR
LINEAR LINEAR LINEAR LINEAR LINEAR LINEAR LINEAR LINEAR LINEAR LINEAR LINEAR LINEAR
LINEAR LINEAR LINEAR LINEAR LINEAR LINEAR LINEAR LINEAR LINEAR LINEAR LINEAR LINEAR
LINEAR LINEAR LINEAR LINEAR LINEAR LINEAR LINEAR LINEAR LINEAR LINEAR LINEAR LINEAR
LINEAR LINEAR LINEAR LINEAR LINEAR LINEAR LINEAR LINEAR LINEAR LINEAR LINEAR LINEAR
LINEAR LINEAR LINEAR LINEAR LINEAR LINEAR LINEAR</Name_array><technique_common><accessor source="#abdomen-Interpolations-array" count="66"><param type="name"/></accessor></technique_common></source><sampler id="abdomen-Matrix-animation-transform"><input semantic="INPUT" source="#abdomen-Matrix-animation-input"/><input semantic="OUTPUT" source="#abdomen-Matrix-animation-output-transform"/><input semantic="INTERPOLATION" source="#abdomen-Interpolations"/></sampler><channel source="#abdomen-Matrix-animation-transform" target="abdomen/matrix"/></animation>
    <animation id="abdomen2-anim" name="abdomen2"><source id="abdomen2-Matrix-animation-input"><float_array id="abdomen2-Matrix-animation-input-array" count="66">

0.000000 0.033333 0.066667 0.100000 0.133333 0.166667 0.200000 0.233333 0.266667 0.300000 0.333333 0.366667 0.400000 0.433333 0.466667 0.500000
0.533333 0.566667 0.600000 0.633333 0.666667 0.700000 0.733333 0.766667 0.800000 0.833333 0.866667 0.900000 0.933333 0.966667 1.000000 1.033333
1.066667 1.100000 1.133333 1.166667 1.200000 1.233333 1.266667 1.300000 1.333333 1.366667 1.400000 1.433333 1.466667 1.500000 1.533333 1.566667
1.600000 1.633333 1.666667 1.700000 1.733333 1.766667 1.800000 1.833333 1.866667 1.900000 1.933333 1.966667 2.000000 2.033333 2.066667 2.100000
2.133333 2.166667</float_array><technique_common><accessor source="#abdomen2-Matrix-animation-input-array" count="66"><param name="TIME" type="float"/></accessor></technique_common></source><source id="abdomen2-Matrix-animation-output-transform"><float_array id="abdomen2-Matrix-animation-output-transform-array" count="1056">

0.999615 -0.027732 -0.000549 0.000000 0.027151 0.974214 0.223988 0.263800 -0.005677 -0.223917 0.974592 0.000000 0.000000 0.000000 0.000000 1.000000
0.999598 -0.028350 0.000472 -0.000000 0.027528 0.974312 0.223514 0.263800 -0.006797 -0.223411 0.974701 0.000000 0.000000 0.000000 0.000000 1.000000
0.999582 -0.028902 0.000745 0.000000 0.028011 0.974511 0.222583 0.263800 -0.007160 -0.222469 0.974914 0.000000 0.000000 0.000000 0.000000 1.000000
0.999570 -0.029306 0.000059 0.000000 0.028567 0.974801 0.221239 0.263800 -0.006541 -0.221142 0.975220 0.000000 0.000000 0.000000 0.000000 1.000000
0.999565 -0.029471 -0.001465 0.000000 0.029073 0.975151 0.219624 0.263800 -0.005044 -0.219571 0.975583 0.000000 0.000000 0.000000 0.000000 1.000000
0.999569 -0.029180 -0.003365 0.000000 0.029212 0.975541 0.217867 0.263800 -0.003075 -0.217872 0.975973 0.000000 0.000000 0.000000 0.000000 1.000000
0.999594 -0.028023 -0.005244 0.000000 0.028494 0.976008 0.215862 0.263800 -0.000931 -0.215924 0.976410 0.000000 0.000000 0.000000 0.000000 1.000000
0.999646 -0.025623 -0.007214 0.000000 0.026572 0.976657 0.213156 0.263800 0.001584 -0.213272 0.976992 0.000000 0.000000 0.000000 0.000000 1.000000
0.999706 -0.022048 -0.010055 -0.000000 0.023663 0.977610 0.209090 0.263800 0.005220 -0.209266 0.977845 -0.000000 0.000000 0.000000 0.000000 1.000000
