<?xml version="1.0" encoding="utf-8"?>
<COLLADA xmlns="http://www.collada.org/2005/11/COLLADASchema" version="1.4.1">
  <asset><contributor><author>Mixamo</author><authoring_tool>COLLADA Mixamo exporter</authoring_tool><comments></comments></contributor><created>2016-01-22T15:41:58Z</created><modified>2016-01-22T15:41:58Z</modified><revision></revision><title></title><unit meter="0.010000"/><up_axis>Y_UP</up_axis></asset>
  <library_animations>
    <animation id="free3dmodel_skeleton-anim" name="free3dmodel_skeleton"><source id="free3dmodel_skeleton-Matrix-animation-input"><float_array id="free3dmodel_skeleton-Matrix-animation-input-array" count="32">

0.000000 0.033333 0.066667 0.100000 0.133333 0.166667 0.200000 0.233333 0.266667 0.300000 0.333333 0.366667 0.400000 0.433333 0.466667 0.500000
0.533333 0.566667 0.600000 0.633333 0.666667 0.700000 0.733333 0.766667 0.800000 0.833333 0.866667 0.900000 0.933333 0.966667 1.000000 1.033333</float_array><technique_common><accessor source="#free3dmodel_skeleton-Matrix-animation-input-array" count="32"><param name="TIME" type="float"/></accessor></technique_common></source><source id="free3dmodel_skeleton-Matrix-animation-output-transform"><float_array id="free3dmodel_skeleton-Matrix-animation-output-transform-array" count="512">

99.942592 -3.385423 0.131500 -0.403873 -0.016893 3.383380 99.942746 -5.255096 -3.387934 -99.885393 3.380865 -13.392524 0.000000 0.000000 0.000000 1.000000
99.971173 -2.399565 -0.081805 0.859620 0.187957 4.424908 99.901876 -2.769226 -2.393591 -99.873231 4.428142 0.596302 0.000000 0.000000 0.000000 1.000000
99.991605 -1.283776 0.175630 0.763348 -0.104099 5.551550 99.845728 -2.802399 -1.291546 -99.837529 5.549747 14.301750 0.000000 0.000000 0.000000 1.000000
99.965165 0.778563 2.521837 -6.092762 -2.566122 6.329714 99.766476 -5.898560 0.617119 -99.796436 6.347488 29.535490 0.000000 0.000000 0.000000 1.000000
99.813329 3.515312 4.994199 -13.418764 -5.218147 6.597017 99.645624 -10.976196 3.173387 -99.720218 6.768137 46.960712 0.000000 0.000000 0.000000 1.000000
99.664366 5.548781 6.018738 -15.855377 -6.395032 6.873870 99.558292 -16.667816 5.110551 -99.609041 7.205645 64.548874 0.000000 0.000000 0.000000 1.000000
99.606519 6.638808 5.870905 -14.198438 -6.327795 6.895192 99.561114 -21.440308 6.204861 -99.540859 7.288150 82.922455 0.000000 0.000000 0.000000 1.000000
99.710682 6.171268 4.437954 -7.965241 -4.765328 5.262875 99.747651 -25.647980 5.922131 -99.670545 5.541730 109.224327 0.000000 0.000000 0.000000 1.000000
99.816145 5.056473 3.342060 -2.223015 -3.545398 3.986551 99.857586 -27.364441 4.916039 -99.792482 4.158493 136.240875 0.000000 0.000000 0.000000 1.000000
99.892774 3.964830 2.390365 3.306884 -2.503518 2.829240 99.928614 -28.235565 3.894371 -99.881307 2.925466 162.197922 0.000000 0.000000 0.000000 1.000000
99.929210 2.792880 2.520481 5.087484 -2.571282 1.798212 99.950763 -28.917877 2.746181 -99.944816 1.868752 187.133911 0.000000 0.000000 0.000000 1.000000
99.955695 1.444066 2.602626 6.899357 -2.615774 0.899244 99.961738 -27.967194 1.420110 -99.985529 0.936619 210.267975 0.000000 0.000000 0.000000 1.000000
99.977735 0.107879 2.107327 10.078129 -2.107468 0.130727 99.977705 -26.043182 0.105100 -99.999856 0.132972 230.910004 0.000000 0.000000 0.000000 1.000000
99.983329 -1.237147 1.342872 13.145247 -1.349208 -0.505277 99.989621 -22.036407 -1.230234 -99.991070 -0.521884 250.162750 0.000000 0.000000 0.000000 1.000000
99.965866 -2.579753 0.412908 15.855834 -0.439042 -1.008213 99.993954 -17.168243 -2.575434 -99.961635 -1.019195 268.720245 0.000000 0.000000 0.000000 1.000000
99.920875 -3.921797 -0.661983 18.346382 0.608324 -1.378583 99.988647 -13.344666 -3.930478 -99.913558 -1.353635 287.469635 0.000000 0.000000 0.000000 1.000000
99.843500 -5.325272 -1.707908 20.756901 1.636604 -1.379727 99.977087 -10.345612 -5.347616 -99.848575 -1.290414 305.755432 0.000000 0.000000 0.000000 1.000000
99.741505 -6.730529 -2.516366 22.456038 2.458294 -0.944262 99.965320 -8.992828 -6.751956 -99.768774 -0.776365 322.739990 0.000000 0.000000 0.000000 1.000000
99.631842 -8.053928 -2.937725 22.768913 2.950010 0.033558 99.956472 -9.376801 -8.049437 -99.675138 0.271026 337.921112 0.000000 0.000000 0.000000 1.000000
99.408419 -9.896291 -4.475454 26.526346 4.625168 1.288497 99.884671 -10.842468 -9.827212 -99.500770 1.738595 352.131226 0.000000 0.000000 0.000000 1.000000
99.127409 -11.847358 -5.779007 29.507570 6.133779 2.651790 99.776474 -14.072021 -11.667629 -99.260305 3.355341 366.026337 0.000000 0.000000 0.000000 1.000000
98.955556 -12.942278 -6.347860 30.087521 6.945911 4.222688 99.669069 -17.439911 -12.631398 -99.068998 5.077544 378.720367 0.000000 0.000000 0.000000 1.000000
98.967586 -13.019554 -5.992333 27.116190 6.625967 4.489013 99.679212 -22.167816 -12.708792 -99.047160 5.305339 397.539398 0.000000 0.000000 0.000000 1.000000
99.213934 -11.899368 -3.873022 17.902233 4.266122 3.066678 99.861883 -26.457947 -11.764160 -99.242131 3.550213 424.541504 0.000000 0.000000 0.000000 1.000000
99.398032 -10.673492 -2.471419 10.941162 2.767023 2.630337 99.927098 -28.761871 -10.600704 -99.393953 2.909841 447.935425 0.000000 0.000000 0.000000 1.000000
99.529168 -9.577541 -1.488439 5.440350 1.737569 2.523074 99.953064 -29.783264 -9.535491 -99.508315 2.677611 468.782257 0.000000 0.000000 0.000000 1.000000
99.640014 -8.314688 -1.653344 3.645820 1.881743 2.676104 99.946473 -27.764465 -8.265992 -99.617792 2.822931 487.979736 0.000000 0.000000 0.000000 1.000000
99.728527 -7.182955 -1.620505 1.804178 1.838397 2.977789 99.938747 -24.745544 -7.130300 -99.697231 3.101756 503.847107 0.000000 0.000000 0.000000 1.000000
99.800948 -6.206642 -1.117297 -0.194494 1.325020 3.315768 99.936230 -20.600952 -6.165637 -99.752109 3.391408 518.200073 0.000000 0.000000 0.000000 1.000000
99.860461 -5.233607 -0.705524 -0.611247 0.893428 3.575666 99.932059 -15.070618 -5.204824 -99.798918 3.617435 533.318665 0.000000 0.000000 0.000000 1.000000
99.906944 -4.302671 -0.299403 -0.434502 0.456176 3.638453 99.932745 -9.646240 -4.288884 -99.841117 3.654695 549.002502 0.000000 0.000000 0.000000 1.000000
99.942592 -3.385419 0.131474 -0.403791 -0.016867 3.383379 99.942746 -5.255219 -3.387929 -99.885393 3.380865 565.688232 0.000000 0.000000 0.000000 1.000000</float_array><technique_common><accessor source="#free3dmodel_skeleton-Matrix-animation-output-transform-array" count="32" stride="16"><param type="float4x4"/></accessor></technique_common></source><source id="free3dmodel_skeleton-Interpolations"><Name_array id="free3dmodel_skeleton-Interpolations-array" count="32">
 LINEAR LINEAR LINEAR LINEAR LINEAR LINEAR LINEAR LINEAR LINEAR LINEAR LINEAR
LINEAR LINEAR LINEAR LINEAR LINEAR LINEAR LINEAR LINEAR LINEAR LINEAR LINEAR LINEAR
LINEAR LINEAR LINEAR LINEAR LINEAR LINEAR LINEAR LINEAR LINEAR</Name_array><technique_common><accessor source="#free3dmodel_skeleton-Interpolations-array" count="32"><param type="name"/></accessor></technique_common></source><sampler id="free3dmodel_skeleton-Matrix-animation-transform"><input semantic="INPUT" source="#free3dmodel_skeleton-Matrix-animation-input"/><input semantic="OUTPUT" source="#free3dmodel_skeleton-Matrix-animation-output-transform"/><input semantic="INTERPOLATION" source="#free3dmodel_skeleton-Interpolations"/></sampler><channel source="#free3dmodel_skeleton-Matrix-animation-transform" target="free3dmodel_skeleton/matrix"/></animation>
    <animation id="hips-anim" name="hips"><source id="hips-Matrix-animation-input"><float_array id="hips-Matrix-animation-input-array" count="32">

0.000000 0.033333 0.066667 0.100000 0.133333 0.166667 0.200000 0.233333 0.266667 0.300000 0.333333 0.366667 0.400000 0.433333 0.466667 0.500000
0.533333 0.566667 0.600000 0.633333 0.666667 0.700000 0.733333 0.766667 0.800000 0.833333 0.866667 0.900000 0.933333 0.966667 1.000000 1.033333</float_array><technique_common><accessor source="#hips-Matrix-animation-input-array" count="32"><param name="TIME" type="float"/></accessor></technique_common></source><source id="hips-Matrix-animation-output-transform"><float_array id="hips-Matrix-animation-output-transform-array" count="512">

1.000000 0.000000 0.000000 0.000000 -0.000000 0.000234 -1.000000 0.052000 0.000000 1.000000 0.000234 3.016600 0.000000 0.000000 0.000000 1.000000
1.000000 0.000000 0.000000 0.000000 -0.000000 0.000234 -1.000000 0.052000 -0.000000 1.000000 0.000234 3.016600 0.000000 0.000000 0.000000 1.000000
1.000000 0.000000 -0.000000 -0.000000 0.000000 0.000234 -1.000000 0.052000 -0.000000 1.000000 0.000234 3.016600 0.000000 0.000000 0.000000 1.000000
1.000000 0.000000 -0.000000 0.000000 -0.000000 0.000234 -1.000000 0.052000 -0.000000 1.000000 0.000234 3.016600 0.000000 0.000000 0.000000 1.000000
1.000000 -0.000000 0.000000 -0.000000 0.000000 0.000234 -1.000000 0.052000 -0.000000 1.000000 0.000234 3.016600 0.000000 0.000000 0.000000 1.000000
1.000000 0.000000 -0.000000 0.000000 -0.000000 0.000234 -1.000000 0.052000 -0.000000 1.000000 0.000234 3.016600 0.000000 0.000000 0.000000 1.000000
1.000000 -0.000000 -0.000000 0.000000 0.000000 0.000234 -1.000000 0.052000 0.000000 1.000000 0.000234 3.016600 0.000000 0.000000 0.000000 1.000000
1.000000 0.000000 -0.000000 0.000000 0.000000 0.000234 -1.000000 0.052000 -0.000000 1.000000 0.000234 3.016600 0.000000 0.000000 0.000000 1.000000
1.000000 -0.000000 0.000000 -0.000000 -0.000000 0.000234 -1.000000 0.052000 -0.000000 1.000000 0.000234 3.016600 0.000000 0.000000 0.000000 1.000000
1.000000 -0.000000 -0.000000 0.000000 -0.000000 0.000234 -1.000000 0.052000 0.000000 1.000000 0.000234 3.016600 0.000000 0.000000 0.000000 1.000000
1.000000 -0.000000 -0.000000 0.000000 -0.000000 0.000234 -1.000000 0.052000 -0.000000 1.000000 0.000234 3.016600 0.000000 0.000000 0.000000 1.000000
1.000000 0.000000 -0.000000 0.000000 -0.000000 0.000234 -1.000000 0.052000 -0.000000 1.000000 0.000234 3.016600 0.000000 0.000000 0.000000 1.000000
1.000000 -0.000000 0.000000 0.000000 0.000000 0.000234 -1.000000 0.052000 0.000000 1.000000 0.000234 3.016600 0.000000 0.000000 0.000000 1.000000
1.000000 -0.000000 0.000000 -0.000000 0.000000 0.000234 -1.000000 0.052000 0.000000 1.000000 0.000234 3.016600 0.000000 0.000000 0.000000 1.000000
1.000000 0.000000 -0.000000 0.000000 0.000000 0.000234 -1.000000 0.052000 0.000000 1.000000 0.000234 3.016600 0.000000 0.000000 0.000000 1.000000
1.000000 -0.000000 0.000000 -0.000000 -0.000000 0.000234 -1.000000 0.052000 0.000000 1.000000 0.000234 3.016600 0.000000 0.000000 0.000000 1.000000
1.000000 -0.000000 0.000000 0.000000 -0.000000 0.000234 -1.000000 0.052000 -0.000000 1.000000 0.000234 3.016600 0.000000 0.000000 0.000000 1.000000
1.000000 -0.000000 -0.000000 0.000000 0.000000 0.000234 -1.000000 0.052000 0.000000 1.000000 0.000234 3.016600 0.000000 0.000000 0.000000 1.000000
1.000000 -0.000000 -0.000000 0.000000 0.000000 0.000234 -1.000000 0.052000 -0.000000 1.000000 0.000234 3.016600 0.000000 0.000000 0.000000 1.000000
1.000000 0.000000 0.000000 -0.000000 -0.000000 0.000234 -1.000000 0.052000 0.000000 1.000000 0.000234 3.016600 0.000000 0.000000 0.000000 1.000000
1.000000 -0.000000 -0.000000 0.000000 0.000000 0.000234 -1.000000 0.052000 0.000000 1.000000 0.000234 3.016600 0.000000 0.000000 0.000000 1.000000
1.000000 -0.000000 -0.000000 0.000000 0.000000 0.000234 -1.000000 0.052000 -0.000000 1.000000 0.000234 3.016600 0.000000 0.000000 0.000000 1.000000
1.000000 -0.000000 0.000000 -0.000000 0.000000 0.000234 -1.000000 0.052000 -0.000000 1.000000 0.000234 3.016600 0.000000 0.000000 0.000000 1.000000
1.000000 -0.000000 -0.000000 -0.000000 -0.000000 0.000234 -1.000000 0.052000 -0.000000 1.000000 0.000234 3.016600 0.000000 0.000000 0.000000 1.000000
1.000000 0.000000 -0.000000 -0.000000 -0.000000 0.000234 -1.000000 0.052000 -0.000000 1.000000 0.000234 3.016600 0.000000 0.000000 0.000000 1.000000
1.000000 -0.000000 -0.000000 0.000000 0.000000 0.000234 -1.000000 0.052000 0.000000 1.000000 0.000234 3.016600 0.000000 0.000000 0.000000 1.000000
1.000000 0.000000 0.000000 -0.000000 -0.000000 0.000234 -1.000000 0.052000 -0.000000 1.000000 0.000234 3.016600 0.000000 0.000000 0.000000 1.000000
1.000000 -0.000000 0.000000 -0.000000 0.000000 0.000234 -1.000000 0.052000 0.000000 1.000000 0.000234 3.016600 0.000000 0.000000 0.000000 1.000000
1.000000 0.000000 -0.000000 0.000000 -0.000000 0.000234 -1.000000 0.052000 0.000000 1.000000 0.000234 3.016600 0.000000 0.000000 0.000000 1.000000
1.000000 -0.000000 -0.000000 0.000000 -0.000000 0.000234 -1.000000 0.052000 0.000000 1.000000 0.000234 3.016600 0.000000 0.000000 0.000000 1.000000
1.000000 0.000000 0.000000 0.000000 -0.000000 0.000234 -1.000000 0.052000 0.000000 1.000000 0.000234 3.016600 0.000000 0.000000 0.000000 1.000000
1.000000 -0.000000 0.000000 0.000000 0.000000 0.000234 -1.000000 0.052000 -0.000000 1.000000 0.000234 3.016600 0.000000 0.000000 0.000000 1.000000</float_array><technique_common><accessor source="#hips-Matrix-animation-output-transform-array" count="32" stride="16"><param type="float4x4"/></accessor></technique_common></source><source id="hips-Interpolations"><Name_array id="hips-Interpolations-array" count="32">
 LINEAR LINEAR LINEAR LINEAR LINEAR LINEAR LINEAR LINEAR LINEAR LINEAR LINEAR
LINEAR LINEAR LINEAR LINEAR LINEAR LINEAR LINEAR LINEAR LINEAR LINEAR LINEAR LINEAR
LINEAR LINEAR LINEAR LINEAR LINEAR LINEAR LINEAR LINEAR LINEAR</Name_array><technique_common><accessor source="#hips-Interpolations-array" count="32"><param type="name"/></accessor></technique_common></source><sampler id="hips-Matrix-animation-transform"><input semantic="INPUT" source="#hips-Matrix-animation-input"/><input semantic="OUTPUT" source="#hips-Matrix-animation-output-transform"/><input semantic="INTERPOLATION" source="#hips-Interpolations"/></sampler><channel source="#hips-Matrix-animation-transform" target="hips/matrix"/></animation>
    <animation id="abdomen-anim" name="abdomen"><source id="abdomen-Matrix-animation-input"><float_array id="abdomen-Matrix-animation-input-array" count="32">

0.000000 0.033333 0.066667 0.100000 0.133333 0.166667 0.200000 0.233333 0.266667 0.300000 0.333333 0.366667 0.400000 0.433333 0.466667 0.500000
0.533333 0.566667 0.600000 0.633333 0.666667 0.700000 0.733333 0.766667 0.800000 0.833333 0.866667 0.900000 0.933333 0.966667 1.000000 1.033333</float_array><technique_common><accessor source="#abdomen-Matrix-animation-input-array" count="32"><param name="TIME" type="float"/></accessor></technique_common></source><source id="abdomen-Matrix-animation-output-transform"><float_array id="abdomen-Matrix-animation-output-transform-array" count="512">

0.999746 0.000418 -0.022555 0.000000 -0.003094 0.992922 -0.118725 0.491500 0.022345 0.118764 0.992671 0.000000 0.000000 0.000000 0.000000 1.000000
0.999977 0.003876 -0.005587 0.000000 -0.004477 0.993710 -0.111894 0.491500 0.005118 0.111916 0.993704 0.000000 0.000000 0.000000 0.000000 1.000000
0.999919 -0.003935 0.012124 -0.000000 0.005177 0.994542 -0.104211 0.491500 -0.011647 0.104265 0.994481 0.000000 0.000000 0.000000 0.000000 1.000000
0.998327 -0.041178 0.040587 -0.000000 0.044863 0.994513 -0.094505 0.491500 -0.036473 0.096167 0.994697 -0.000000 0.000000 0.000000 0.000000 1.000000
0.995260 -0.072400 0.064926 0.000000 0.077648 0.993576 -0.082324 0.491500 -0.058549 0.086975 0.994489 0.000000 0.000000 0.000000 0.000000 1.000000
0.994450 -0.076861 0.071848 0.000000 0.082087 0.993958 -0.072865 0.491500 -0.065813 0.078358 0.994751 0.000000 0.000000 0.000000 0.000000 1.000000
0.995019 -0.063580 0.076783 -0.000000 0.069177 0.994961 -0.072578 0.491500 -0.071782 0.077528 0.994403 0.000000 0.000000 0.000000 0.000000 1.000000
0.996260 -0.034458 0.079238 0.000000 0.040871 0.995893 -0.080784 0.491500 -0.076129 0.083721 0.993577 0.000000 0.000000 0.000000 0.000000 1.000000
0.997041 -0.011009 0.076076 0.000000 0.016610 0.997166 -0.073376 0.491500 -0.075052 0.074423 0.994398 0.000000 0.000000 0.000000 0.000000 1.000000
0.997464 0.013889 0.069803 0.000000 -0.008886 0.997403 -0.071476 0.491500 -0.070614 0.070674 0.994997 0.000000 0.000000 0.000000 0.000000 1.000000
0.997483 0.016349 0.069001 -0.000000 -0.011129 0.997094 -0.075368 0.491500 -0.070033 0.074410 0.994766 -0.000000 0.000000 0.000000 0.000000 1.000000
0.998404 0.010221 0.055542 0.000000 -0.005718 0.996727 -0.080635 0.491500 -0.056184 0.080189 0.995195 0.000000 0.000000 0.000000 0.000000 1.000000
0.999746 0.004118 0.022147 -0.000000 -0.002165 0.996162 -0.087496 0.491500 -0.022423 0.087426 0.995919 0.000000 0.000000 0.000000 0.000000 1.000000
0.999930 0.000445 -0.011839 -0.000000 -0.001566 0.995496 -0.094788 0.491500 0.011743 0.094800 0.995427 0.000000 0.000000 0.000000 0.000000 1.000000
0.999370 0.002866 -0.035381 -0.000000 -0.006377 0.995016 -0.099511 0.491500 0.034920 0.099674 0.994407 0.000000 0.000000 0.000000 0.000000 1.000000
0.998365 0.014569 -0.055278 -0.000000 -0.019960 0.994960 -0.098264 0.491500 0.053568 0.099206 0.993624 0.000000 0.000000 0.000000 0.000000 1.000000
0.996812 0.025331 -0.075658 0.000000 -0.032505 0.994932 -0.095148 0.491500 0.072864 0.097304 0.992584 0.000000 0.000000 0.000000 0.000000 1.000000
0.995043 0.032555 -0.093966 0.000000 -0.041630 0.994482 -0.096298 0.491500 0.090313 0.099733 0.990907 0.000000 0.000000 0.000000 0.000000 1.000000
0.993389 0.039311 -0.107860 0.000000 -0.049790 0.994111 -0.096253 0.491500 0.103441 0.100987 0.989496 0.000000 0.000000 0.000000 0.000000 1.000000
0.989881 0.065718 -0.125764 0.000000 -0.077111 0.993134 -0.087967 0.491500 0.119119 0.096775 0.988152 0.000000 0.000000 0.000000 0.000000 1.000000
0.986881 0.086203 -0.136513 0.000000 -0.096957 0.992520 -0.074181 0.491500 0.129097 0.086443 0.987857 0.000000 0.000000 0.000000 0.000000 1.000000
0.987594 0.084868 -0.132120 0.000000 -0.094018 0.993471 -0.064624 0.491500 0.125773 0.076244 0.989125 0.000000 0.000000 0.000000 0.000000 1.000000
0.989898 0.071750 -0.122285 0.000000 -0.080587 0.994362 -0.068914 0.491500 0.116651 0.078073 0.990100 0.000000 0.000000 0.000000 0.000000 1.000000
0.993065 0.040202 -0.110481 0.000000 -0.049587 0.995268 -0.083558 0.491500 0.106599 0.088457 0.990360 0.000000 0.000000 0.000000 0.000000 1.000000
0.993528 0.013923 -0.112728 0.000000 -0.023389 0.996267 -0.083091 0.491500 0.111150 0.085190 0.990146 -0.000000 0.000000 0.000000 0.000000 1.000000
0.992217 0.004022 -0.124452 0.000000 -0.013972 0.996762 -0.079180 0.491500 0.123731 0.080303 0.989061 0.000000 0.000000 0.000000 0.000000 1.000000
0.993080 0.013412 -0.116673 0.000000 -0.022426 0.996833 -0.076295 0.491500 0.115281 0.078384 0.990235 0.000000 0.000000 0.000000 0.000000 1.000000
0.995826 0.022855 -0.088369 -0.000000 -0.030305 0.996013 -0.083903 0.491500 0.086099 0.086231 0.992548 0.000000 0.000000 0.000000 0.000000 1.000000
0.997851 0.022720 -0.061462 0.000000 -0.028387 0.995265 -0.092957 0.491500 0.059059 0.094502 0.993771 0.000000 0.000000 0.000000 0.000000 1.000000
0.998894 0.017147 -0.043776 0.000000 -0.021347 0.995022 -0.097346 0.491500 0.041889 0.098172 0.994287 0.000000 0.000000 0.000000 0.000000 1.000000
0.999451 0.008835 -0.031944 -0.000000 -0.012135 0.994437 -0.104629 0.491500 0.030842 0.104959 0.993998 0.000000 0.000000 0.000000 0.000000 1.000000
0.999746 0.000418 -0.022555 0.000000 -0.003094 0.992922 -0.118725 0.491500 0.022345 0.118764 0.992671 0.000000 0.000000 0.000000 0.000000 1.000000</float_array><technique_common><accessor source="#abdomen-Matrix-animation-output-transform-array" count="32" stride="16"><param type="float4x4"/></accessor></technique_common></source><source id="abdomen-Interpolations"><Name_array id="abdomen-Interpolations-array" count="32">
 LINEAR LINEAR LINEAR LINEAR LINEAR LINEAR LINEAR LINEAR LINEAR LINEAR LINEAR
LINEAR LINEAR LINEAR LINEAR LINEAR LINEAR LINEAR LINEAR LINEAR LINEAR LINEAR LINEAR
LINEAR LINEAR LINEAR LINEAR LINEAR LINEAR LINEAR LINEAR LINEAR</Name_array><technique_common><accessor source="#abdomen-Interpolations-array" count="32"><param type="name"/></accessor></technique_common></source><sampler id="abdomen-Matrix-animation-transform"><input semantic="INPUT" source="#abdomen-Matrix-animation-input"/><input semantic="OUTPUT" source="#abdomen-Matrix-animation-output-transform"/><input semantic="INTERPOLATION" source="#abdomen-Interpolations"/></sampler><channel source="#abdomen-Matrix-animation-transform" target="abdomen/matrix"/></animation>
    <animation id="abdomen2-anim" name="abdomen2"><source id="abdomen2-Matrix-animation-input"><float_array id="abdomen2-Matrix-animation-input-array" count="32">

0.000000 0.033333 0.066667 0.100000 0.133333 0.166667 0.200000 0.233333 0.266667 0.300000 0.333333 0.366667 0.400000 0.433333 0.466667 0.500000
0.533333 0.566667 0.600000 0.633333 0.666667 0.700000 0.733333 0.766667 0.800000 0.833333 0.866667 0.900000 0.933333 0.966667 1.000000 1.033333</float_array><technique_common><accessor source="#abdomen2-Matrix-animation-input-array" count="32"><param name="TIME" type="float"/></accessor></technique_common></source><source id="abdomen2-Matrix-animation-output-transform"><float_array id="abdomen2-Matrix-animation-output-transform-array" count="512">

0.998877 -0.011066 -0.046058 0.000000 0.020123 0.979365 0.201096 0.263800 0.042883 -0.201797 0.978488 0.000000 0.000000 0.000000 0.000000 1.000000
0.999414 -0.003996 -0.033988 -0.000000 0.010906 0.978570 0.205625 0.263800 0.032437 -0.205875 0.978040 0.000000 0.000000 0.000000 0.000000 1.000000
0.999764 0.005630 -0.020974 0.000000 -0.001114 0.977830 0.209397 0.263800 0.021688 -0.209324 0.977606 0.000000 0.000000 0.000000 0.000000 1.000000
0.999771 0.020256 -0.006854 0.000000 -0.018361 0.977437 0.210426 0.263800 0.010961 -0.210252 0.977586 -0.000000 0.000000 0.000000 0.000000 1.000000
0.999523 0.029920 0.007696 0.000000 -0.030868 0.977338 0.209421 0.263800 -0.001255 -0.209559 0.977795 0.000000 0.000000 0.000000 0.000000 1.000000
0.999336 0.028612 0.022563 0.000000 -0.032708 0.977287 0.209379 0.263800 -0.016060 -0.209978 0.977574 0.000000 0.000000 0.000000 0.000000 1.000000
0.999084 0.022935 0.036137 0.000000 -0.029998 0.977460 0.208981 0.263800 -0.030529 -0.209873 0.977252 -0.000000 0.000000 0.000000 0.000000 1.000000
0.998768 0.018838 0.045904 -0.000000 -0.027978 0.977846 0.207448 0.263800 -0.040979 -0.208476 0.977168 0.000000 0.000000 0.000000 0.000000 1.000000
0.998661 0.013896 0.049826 0.000000 -0.024111 0.977250 0.210716 0.263800 -0.045764 -0.211636 0.976277 0.000000 0.000000 0.000000 0.000000 1.000000
0.998998 0.003340 0.044641 -0.000000 -0.013017 0.975793 0.218309 0.263800 -0.042832 -0.218671 0.974858 0.000000 0.000000 0.000000 0.000000 1.000000
0.999347 0.004110 0.035891 0.000000 -0.011982 0.974981 0.221965 0.263800 -0.034081 -0.222250 0.974394 0.000000 0.000000 0.000000 0.000000 1.000000
0.999562 0.006028 0.028973 0.000000 -0.012305 0.975047 0.221657 0.263800 -0.026914 -0.221916 0.974694 0.000000 0.000000 0.000000 0.000000 1.000000
0.999796 0.005359 0.019463 0.000000 -0.009474 0.975917 0.217935 0.263800 -0.017826 -0.218075 0.975769 0.000000 0.000000 0.000000 0.000000 1.000000
0.999977 0.006303 0.002500 -0.000000 -0.006691 0.976933 0.213441 0.263800 -0.001097 -0.213453 0.976953 0.000000 0.000000 0.000000 0.000000 1.000000
0.999805 0.008774 -0.017677 0.000000 -0.004843 0.977432 0.211194 0.263800 0.019132 -0.211068 0.977284 0.000000 0.000000 0.000000 0.000000 1.000000
0.999306 0.006707 -0.036635 0.000000 0.001142 0.977668 0.210150 0.263800 0.037226 -0.210046 0.976982 0.000000 0.000000 0.000000 0.000000 1.000000
0.998479 0.003198 -0.055034 0.000000 0.008378 0.977915 0.208836 0.263800 0.054486 -0.208980 0.976401 0.000000 0.000000 0.000000 0.000000 1.000000
0.997222 -0.001002 -0.074486 0.000000 0.016514 0.978004 0.207933 0.263800 0.072639 -0.208586 0.975303 -0.000000 0.000000 0.000000 0.000000 1.000000
0.995594 -0.008461 -0.093385 0.000000 0.027670 0.978081 0.206377 0.263800 0.089592 -0.208051 0.974006 0.000000 0.000000 0.000000 0.000000 1.000000
0.993593 -0.020938 -0.111062 0.000000 0.043124 0.978578 0.201310 0.263800 0.104468 -0.204810 0.973211 0.000000 0.000000 0.000000 0.000000 1.000000
0.991398 -0.028187 -0.127808 0.000000 0.053241 0.978938 0.197092 0.263800 0.119561 -0.202201 0.972019 0.000000 0.000000 0.000000 0.000000 1.000000
0.989758 -0.024896 -0.140571 0.000000 0.052803 0.978687 0.198451 0.263800 0.132634 -0.203841 0.969978 -0.000000 0.000000 0.000000 0.000000 1.000000
0.988911 -0.021032 -0.147015 0.000000 0.050413 0.978682 0.199099 0.263800 0.139694 -0.204302 0.968889 0.000000 0.000000 0.000000 0.000000 1.000000
0.988725 -0.019695 -0.148443 0.000000 0.049192 0.979017 0.197752 0.263800 0.141433 -0.202825 0.968947 0.000000 0.000000 0.000000 0.000000 1.000000
0.989519 -0.014046 -0.143715 0.000000 0.043199 0.978472 0.201806 0.263800 0.137786 -0.205899 0.968824 -0.000000 0.000000 0.000000 0.000000 1.000000
0.990498 -0.018409 -0.136287 0.000000 0.046048 0.978192 0.202536 0.263800 0.129586 -0.206887 0.969745 0.000000 0.000000 0.000000 0.000000 1.000000
0.991362 -0.019469 -0.129701 0.000000 0.045850 0.977969 0.203652 0.263800 0.122878 -0.207840 0.970414 -0.000000 0.000000 0.000000 0.000000 1.000000
0.992642 -0.018565 -0.119655 0.000000 0.042778 0.978222 0.203107 0.263800 0.113278 -0.206731 0.971818 0.000000 0.000000 0.000000 0.000000 1.000000
0.994686 -0.018265 -0.101322 0.000000 0.038372 0.978998 0.200224 0.263800 0.095537 -0.203048 0.974497 0.000000 0.000000 0.000000 0.000000 1.000000
0.996778 -0.016994 -0.078394 0.000000 0.032285 0.979641 0.198144 0.263800 0.073430 -0.200036 0.977033 0.000000 0.000000 0.000000 0.000000 1.000000
0.998163 -0.014786 -0.058746 -0.000000 0.026207 0.979709 0.198706 0.263800 0.054616 -0.199881 0.978297 0.000000 0.000000 0.000000 0.000000 1.000000
0.998877 -0.011066 -0.046058 0.000000 0.020123 0.979365 0.201096 0.263800 0.042883 -0.201797 0.978488 0.000000 0.000000 0.000000 0.000000 1.000000</float_array><technique_common><accessor source="#abdomen2-Matrix-animation-output-transform-array" count="32" stride="16"><param type="float4x4"/></accessor></technique_common></source><source id="abdomen2-Interpolations"><Name_array id="abdomen2-Interpolations-array" count="32">
 LINEAR LINEAR LINEAR LINEAR LINEAR LINEAR LINEAR LINEAR LINEAR LINEAR LINEAR
LINEAR LINEAR LINEAR LINEAR LINEAR LINEAR LINEAR LINEAR LINEAR LINEAR LINEAR LINEAR
LINEAR LINEAR LINEAR LINEAR LINEAR LINEAR LINEAR LINEAR LINEAR</Name_array><technique_common><accessor source="#abdomen2-Interpolations-array" count="32"><param type="name"/></accessor></technique_common></source><sampler id="abdomen2-Matrix-animation-transform"><input semantic="INPUT" source="#abdomen2-Matrix-animation-input"/><input semantic="OUTPUT" source="#abdomen2-Matrix-animation-output-transform"/><input semantic="INTERPOLATION" source="#abdomen2-Interpolations"/></sampler><channel source="#abdomen2-Matrix-animation-transform" target="abdomen2/matrix"/></animation>
    <animation id="chest-anim" name="chest"><source id="chest-Matrix-animation-input"><float_array id="chest-Matrix-animation-input-array" count="32">

0.000000 0.033333 0.066667 0.100000 0.133333 0.166667 0.200000 0.233333 0.266667 0.300000 0.333333 0.366667 0.400000 0.433333 0.466667 0.500000
0.533333 0.566667 0.600000 0.633333 0.666667 0.700000 0.733333 0.766667 0.800000 0.833333 0.866667 0.900000 0.933333 0.966667 1.000000 1.033333</float_array><technique_common><accessor source="#chest-Matrix-animation-input-array" count="32"><param name="TIME" type="float"/></accessor></technique_common></source><source id="chest-Matrix-animation-output-transform"><float_array id="chest-Matrix-animation-output-transform-array" count="512">

0.998867 -0.022058 -0.042174 0.000000 0.011143 0.969878 -0.243337 0.460500 0.046272 0.242591 0.969025 0.000000 0.000000 0.000000 0.000000 1.000000
0.999418 -0.012417 -0.031781 0.000000 0.004459 0.970977 -0.239132 0.460500 0.033827 0.238851 0.970467 0.000000 0.000000 0.000000 0.000000 1.000000
0.999776 -0.000099 -0.021163 -0.000000 -0.004888 0.971868 -0.235475 0.460500 0.020591 0.235525 0.971650 0.000000 0.000000 0.000000 0.000000 1.000000
0.999792 0.017361 -0.010706 0.000000 -0.019386 0.972021 -0.234095 0.460500 0.006342 0.234253 0.972155 -0.000000 0.000000 0.000000 0.000000 1.000000
0.999544 0.030165 0.001225 0.000000 -0.029038 0.971697 -0.234439 0.460500 -0.008263 0.234296 0.972130 0.000000 0.000000 0.000000 0.000000 1.000000
0.999353 0.032262 0.015923 0.000000 -0.027638 0.971764 -0.234329 0.460500 -0.023033 0.233737 0.972027 0.000000 0.000000 0.000000 0.000000 1.000000
0.999094 0.029874 0.030305 0.000000 -0.021928 0.971746 -0.235009 0.460500 -0.036469 0.234131 0.971521 0.000000 0.000000 0.000000 0.000000 1.000000
0.998769 0.028368 0.040692 -0.000000 -0.017952 0.971443 -0.236592 0.460500 -0.046241 0.235570 0.970757 0.000000 0.000000 0.000000 0.000000 1.000000
0.998654 0.024172 0.045886 0.000000 -0.012811 0.972301 -0.233381 0.460500 -0.050257 0.232479 0.971302 -0.000000 0.000000 0.000000 0.000000 1.000000
0.998979 0.011962 0.043566 0.000000 -0.001788 0.974022 -0.226445 0.460500 -0.045142 0.226136 0.973049 0.000000 0.000000 0.000000 0.000000 1.000000
0.999329 0.010459 0.035088 0.000000 -0.002389 0.974914 -0.222569 0.460500 -0.036536 0.222336 0.974285 0.000000 0.000000 0.000000 0.000000 1.000000
0.999546 0.011030 0.028038 -0.000000 -0.004512 0.974883 -0.222671 0.460500 -0.029790 0.222443 0.974490 0.000000 0.000000 0.000000 0.000000 1.000000
0.999783 0.008774 0.018878 0.000000 -0.004269 0.973985 -0.226572 0.460500 -0.020375 0.226442 0.973812 0.000000 0.000000 0.000000 0.000000 1.000000
0.999978 0.006262 0.002008 0.000000 -0.005627 0.972841 -0.231405 0.460500 -0.003402 0.231389 0.972855 0.000000 0.000000 0.000000 0.000000 1.000000
0.999823 0.004223 -0.018340 0.000000 -0.008398 0.972218 -0.233925 0.460500 0.016842 0.234038 0.972082 0.000000 0.000000 0.000000 0.000000 1.000000
0.999331 -0.002108 -0.036523 0.000000 -0.006535 0.971994 -0.234914 0.460500 0.035996 0.234995 0.971330 0.000000 0.000000 0.000000 0.000000 1.000000
0.998501 -0.009786 -0.053855 0.000000 -0.003195 0.971790 -0.235827 0.460500 0.054644 0.235646 0.970302 -0.000000 0.000000 0.000000 0.000000 1.000000
0.997233 -0.018269 -0.072054 -0.000000 0.000743 0.971729 -0.236099 0.460500 0.074330 0.235392 0.969054 -0.000000 0.000000 0.000000 0.000000 1.000000
0.995594 -0.029724 -0.088935 -0.000000 0.007877 0.971589 -0.236543 0.460500 0.093439 0.234801 0.967542 0.000000 0.000000 0.000000 0.000000 1.000000
0.993575 -0.046093 -0.103361 0.000000 0.020105 0.970663 -0.239602 0.460500 0.111373 0.235984 0.965354 0.000000 0.000000 0.000000 0.000000 1.000000
0.991372 -0.057166 -0.117953 -0.000000 0.027081 0.969798 -0.242402 0.460500 0.128248 0.237116 0.962979 0.000000 0.000000 0.000000 0.000000 1.000000
0.989750 -0.056522 -0.131150 0.000000 0.023428 0.970166 -0.241307 0.460500 0.140877 0.235761 0.961546 0.000000 0.000000 0.000000 0.000000 1.000000
0.988908 -0.054206 -0.138288 0.000000 0.019477 0.970314 -0.241062 0.460500 0.147250 0.235695 0.960607 0.000000 0.000000 0.000000 0.000000 1.000000
0.988693 -0.053619 -0.140039 0.000000 0.018295 0.970041 -0.242252 0.460500 0.148833 0.236951 0.960054 0.000000 0.000000 0.000000 0.000000 1.000000
0.989458 -0.046663 -0.137100 0.000000 0.012675 0.970939 -0.238992 0.460500 0.144267 0.234735 0.961294 0.000000 0.000000 0.000000 0.000000 1.000000
0.990404 -0.048906 -0.129261 -0.000000 0.016960 0.971236 -0.237515 0.460500 0.137159 0.233044 0.962745 0.000000 0.000000 0.000000 0.000000 1.000000
0.991261 -0.048205 -0.122795 0.000000 0.017916 0.971413 -0.236719 0.460500 0.130696 0.232450 0.963787 0.000000 0.000000 0.000000 0.000000 1.000000
0.992545 -0.045239 -0.113173 0.000000 0.017100 0.971066 -0.238196 0.460500 0.120674 0.234485 0.964601 -0.000000 0.000000 0.000000 0.000000 1.000000
0.994600 -0.041378 -0.095179 -0.000000 0.017183 0.970081 -0.242174 0.460500 0.102352 0.239231 0.965553 0.000000 0.000000 0.000000 0.000000 1.000000
0.996720 -0.035278 -0.072832 0.000000 0.016377 0.969288 -0.245381 0.460500 0.079252 0.243383 0.966687 0.000000 0.000000 0.000000 0.000000 1.000000
0.998136 -0.028607 -0.053904 -0.000000 0.014519 0.969278 -0.245541 0.460500 0.059272 0.244301 0.967886 0.000000 0.000000 0.000000 0.000000 1.000000
0.998867 -0.022058 -0.042174 0.000000 0.011143 0.969878 -0.243337 0.460500 0.046272 0.242591 0.969025 0.000000 0.000000 0.000000 0.000000 1.000000</float_array><technique_common><accessor source="#chest-Matrix-animation-output-transform-array" count="32" stride="16"><param type="float4x4"/></accessor></technique_common></source><source id="chest-Interpolations"><Name_array id="chest-Interpolations-array" count="32">
 LINEAR LINEAR LINEAR LINEAR LINEAR LINEAR LINEAR LINEAR LINEAR LINEAR LINEAR
LINEAR LINEAR LINEAR LINEAR LINEAR LINEAR LINEAR LINEAR LINEAR LINEAR LINEAR LINEAR
LINEAR LINEAR LINEAR LINEAR LINEAR LINEAR LINEAR LINEAR LINEAR</Name_array><technique_common><accessor source="#chest-Interpolations-array" count="32"><param type="name"/></accessor></technique_common></source><sampler id="chest-Matrix-animation-transform"><input semantic="INPUT" source="#chest-Matrix-animation-input"/><input semantic="OUTPUT" source="#chest-Matrix-animation-output-transform"/><input semantic="INTERPOLATION" source="#chest-Interpolations"/></sampler><channel source="#chest-Matrix-animation-transform" target="chest/matrix"/></animation>
    <animation id="neck-anim" name="neck"><source id="neck-Matrix-animation-input"><float_array id="neck-Matrix-animation-input-array" count="32">

0.000000 0.033333 0.066667 0.100000 0.133333 0.166667 0.200000 0.233333 0.266667 0.300000 0.333333 0.366667 0.400000 0.433333 0.466667 0.500000
0.533333 0.566667 0.600000 0.633333 0.666667 0.700000 0.733333 0.766667 0.800000 0.833333 0.866667 0.900000 0.933333 0.966667 1.000000 1.033333</float_array><technique_common><accessor source="#neck-Matrix-animation-input-array" count="32"><param name="TIME" type="float"/></accessor></technique_common></source><source id="neck-Matrix-animation-output-transform"><float_array id="neck-Matrix-animation-output-transform-array" count="512">

0.999301 0.015873 0.033846 0.000000 -0.003260 0.938932 -0.344089 0.867400 -0.037240 0.343738 0.938327 0.000000 0.000000 0.000000 0.000000 1.000000
0.999438 0.016613 0.029116 -0.000000 -0.005558 0.938657 -0.344807 0.867400 -0.033059 0.344452 0.938222 0.000000 0.000000 0.000000 0.000000 1.000000
0.999623 0.012823 0.024263 0.000000 -0.003715 0.939215 -0.343309 0.867400 -0.027190 0.343089 0.938909 0.000000 0.000000 0.000000 0.000000 1.000000
0.999795 0.000634 0.020225 0.000000 0.006314 0.939822 -0.341606 0.867400 -0.019224 0.341664 0.939625 0.000000 0.000000 0.000000 0.000000 1.000000
0.999797 -0.012264 0.016017 0.000000 0.017006 0.939482 -0.342175 0.867400 -0.010851 0.342378 0.939500 0.000000 0.000000 0.000000 0.000000 1.000000
0.999785 -0.017896 0.010452 0.000000 0.020393 0.939356 -0.342338 0.867400 -0.003692 0.342477 0.939519 0.000000 0.000000 0.000000 0.000000 1.000000
0.999829 -0.018029 0.004006 0.000000 0.018318 0.940340 -0.339743 0.867400 0.002358 0.339759 0.940510 0.000000 0.000000 0.000000 0.000000 1.000000
0.999886 -0.014918 -0.002278 0.000000 0.013267 0.940875 -0.338495 0.867400 0.007193 0.338426 0.940965 0.000000 0.000000 0.000000 0.000000 1.000000
0.999964 -0.001209 -0.008431 0.000000 -0.001769 0.938802 -0.344453 0.867400 0.008331 0.344456 0.938766 0.000000 0.000000 0.000000 0.000000 1.000000
0.999611 0.024421 -0.013487 0.000000 -0.027592 0.936795 -0.348790 0.867400 0.004117 0.349026 0.937104 -0.000000 0.000000 0.000000 0.000000 1.000000
0.999208 0.037453 -0.013473 0.000000 -0.039800 0.936413 -0.348636 0.867400 -0.000441 0.348895 0.937162 0.000000 0.000000 0.000000 0.000000 1.000000
0.998802 0.047612 -0.011326 -0.000000 -0.048559 0.935313 -0.350475 0.867400 -0.006094 0.350605 0.936504 0.000000 0.000000 0.000000 0.000000 1.000000
0.998459 0.055198 -0.005789 0.000000 -0.053711 0.934717 -0.351312 0.867400 -0.013981 0.351081 0.936241 0.000000 0.000000 0.000000 0.000000 1.000000
0.998561 0.053467 0.004177 -0.000000 -0.048623 0.935437 -0.350133 0.867400 -0.022628 0.349426 0.936691 0.000000 0.000000 0.000000 0.000000 1.000000
0.998819 0.045945 0.015824 0.000000 -0.037448 0.935300 -0.351867 0.867400 -0.030966 0.350859 0.935916 0.000000 0.000000 0.000000 0.000000 1.000000
0.998815 0.040831 0.026479 0.000000 -0.028686 0.933503 -0.357420 0.867400 -0.039312 0.356237 0.933568 0.000000 0.000000 0.000000 0.000000 1.000000
0.998633 0.036955 0.036957 0.000000 -0.021066 0.931757 -0.362470 0.867400 -0.047830 0.361196 0.931263 0.000000 0.000000 0.000000 0.000000 1.000000
0.998264 0.035251 0.047193 0.000000 -0.015728 0.931590 -0.363171 0.867400 -0.056767 0.361798 0.930527 0.000000 0.000000 0.000000 0.000000 1.000000
0.997663 0.040128 0.055300 0.000000 -0.017506 0.932474 -0.360814 0.867400 -0.066044 0.359003 0.930997 0.000000 0.000000 0.000000 0.000000 1.000000
0.996765 0.052264 0.061063 0.000000 -0.026999 0.933293 -0.358101 0.867400 -0.075705 0.355293 0.931684 0.000000 0.000000 0.000000 0.000000 1.000000
0.995765 0.063800 0.066195 -0.000000 -0.036146 0.933712 -0.356195 0.867400 -0.084533 0.352294 0.932064 0.000000 0.000000 0.000000 0.000000 1.000000
0.995090 0.068854 0.071095 0.000000 -0.039486 0.934887 -0.352743 0.867400 -0.090754 0.348204 0.933015 0.000000 0.000000 0.000000 0.000000 1.000000
0.994896 0.067439 0.075064 0.000000 -0.037290 0.936932 -0.347516 0.867400 -0.093766 0.342943 0.934665 0.000000 0.000000 0.000000 0.000000 1.000000
0.995083 0.060630 0.078324 0.000000 -0.030089 0.938429 -0.344158 0.867400 -0.094368 0.340109 0.935639 0.000000 0.000000 0.000000 0.000000 1.000000
0.995793 0.037984 0.083388 0.000000 -0.006552 0.937220 -0.348677 0.867400 -0.091397 0.346664 0.933526 0.000000 0.000000 0.000000 0.000000 1.000000
0.996140 0.025602 0.083957 0.000000 0.005551 0.936226 -0.351355 0.867400 -0.087598 0.350465 0.932470 -0.000000 0.000000 0.000000 0.000000 1.000000
0.996605 0.012737 0.081341 0.000000 0.016799 0.935720 -0.352345 0.867400 -0.080600 0.352515 0.932329 0.000000 0.000000 0.000000 0.000000 1.000000
0.997224 0.000606 0.074457 0.000000 0.025527 0.936582 -0.349518 0.867400 -0.069947 0.350448 0.933967 0.000000 0.000000 0.000000 0.000000 1.000000
0.997990 -0.002943 0.063309 0.000000 0.024767 0.937594 -0.346850 0.867400 -0.058337 0.347721 0.935782 0.000000 0.000000 0.000000 0.000000 1.000000
0.998718 0.001449 0.050601 0.000000 0.016237 0.937603 -0.347329 0.867400 -0.047947 0.347705 0.936377 0.000000 0.000000 0.000000 0.000000 1.000000
0.999165 0.009157 0.039819 0.000000 0.005256 0.937659 -0.347517 0.867400 -0.040519 0.347437 0.936828 -0.000000 0.000000 0.000000 0.000000 1.000000
0.999301 0.015873 0.033846 -0.000000 -0.003260 0.938932 -0.344089 0.867400 -0.037240 0.343738 0.938327 -0.000000 0.000000 0.000000 0.000000 1.000000</float_array><technique_common><accessor source="#neck-Matrix-animation-output-transform-array" count="32" stride="16"><param type="float4x4"/></accessor></technique_common></source><source id="neck-Interpolations"><Name_array id="neck-Interpolations-array" count="32">
 LINEAR LINEAR LINEAR LINEAR LINEAR LINEAR LINEAR LINEAR LINEAR LINEAR LINEAR
LINEAR LINEAR LINEAR LINEAR LINEAR LINEAR LINEAR LINEAR LINEAR LINEAR LINEAR LINEAR
LINEAR LINEAR LINEAR LINEAR LINEAR LINEAR LINEAR LINEAR LINEAR</Name_array><technique_common><accessor source="#neck-Interpolations-array" count="32"><param type="name"/></accessor></technique_common></source><sampler id="neck-Matrix-animation-transform"><input semantic="INPUT" source="#neck-Matrix-animation-input"/><input semantic="OUTPUT" source="#neck-Matrix-animation-output-transform"/><input semantic="INTERPOLATION" source="#neck-Interpolations"/></sampler><channel source="#neck-Matrix-animation-transform" target="neck/matrix"/></animation>
    <animation id="shoulder.L-anim" name="shoulder.L"><source id="shoulder.L-Matrix-animation-input"><float_array id="shoulder.L-Matrix-animation-input-array" count="32">

